0.33999999999999997 0.14 0.006666666666666667 0.006666666666666667 0.006666666666666667 0.006666666666666667 0.006666666666666667 0.006666666666666667 0.006666666666666667 0.47333333333333333
0.004761904761904762 0.1 0.1 0.004761904761904762 0.004761904761904762 0.004761904761904762 0.1 0.05238095238095238 0.004761904761904762 0.6238095238095238
0.2688888888888889 0.0022222222222222222 0.06888888888888889 0.04666666666666667 0.0022222222222222222 0.15777777777777777 0.0022222222222222222 0.0022222222222222222 0.0022222222222222222 0.4466666666666667
0.005555555555555556 0.005555555555555556 0.005555555555555556 0.005555555555555556 0.061111111111111116 0.11666666666666667 0.17222222222222222 0.005555555555555556 0.061111111111111116 0.5611111111111111
0.009090909090909092 0.009090909090909092 0.009090909090909092 0.009090909090909092 0.009090909090909092 0.009090909090909092 0.009090909090909092 0.1 0.009090909090909092 0.8272727272727273
0.02 0.02 0.42000000000000004 0.02 0.02 0.02 0.02 0.02 0.02 0.42000000000000004
0.2733333333333333 0.006666666666666667 0.07333333333333333 0.006666666666666667 0.006666666666666667 0.006666666666666667 0.006666666666666667 0.006666666666666667 0.006666666666666667 0.6066666666666667
0.011111111111111112 0.011111111111111112 0.23333333333333334 0.011111111111111112 0.011111111111111112 0.011111111111111112 0.011111111111111112 0.011111111111111112 0.23333333333333334 0.4555555555555555
0.11000000000000001 0.21000000000000002 0.01 0.01 0.01 0.01 0.01 0.01 0.01 0.61
0.01 0.21000000000000002 0.01 0.01 0.11000000000000001 0.01 0.11000000000000001 0.01 0.11000000000000001 0.41
0.044000000000000004 0.004 0.124 0.004 0.004 0.004 0.004 0.004 0.324 0.484
0.005263157894736842 0.005263157894736842 0.05789473684210527 0.005263157894736842 0.005263157894736842 0.005263157894736842 0.005263157894736842 0.1631578947368421 0.005263157894736842 0.7421052631578947
0.014285714285714285 0.3 0.014285714285714285 0.014285714285714285 0.014285714285714285 0.15714285714285714 0.014285714285714285 0.014285714285714285 0.014285714285714285 0.44285714285714284
0.09130434782608696 0.004347826086956522 0.2652173913043478 0.004347826086956522 0.004347826086956522 0.004347826086956522 0.004347826086956522 0.004347826086956522 0.1782608695652174 0.43913043478260866
0.01 0.01 0.01 0.01 0.01 0.01 0.01 0.41 0.11000000000000001 0.41
0.3857142857142857 0.004761904761904762 0.004761904761904762 0.1952380952380952 0.004761904761904762 0.004761904761904762 0.004761904761904762 0.004761904761904762 0.004761904761904762 0.3857142857142857
0.3153846153846154 0.007692307692307694 0.16153846153846158 0.2384615384615385 0.007692307692307694 0.007692307692307694 0.007692307692307694 0.007692307692307694 0.16153846153846158 0.08461538461538463
0.15714285714285714 0.014285714285714285 0.014285714285714285 0.014285714285714285 0.014285714285714285 0.014285714285714285 0.3 0.014285714285714285 0.014285714285714285 0.44285714285714284
0.006666666666666667 0.006666666666666667 0.006666666666666667 0.006666666666666667 0.006666666666666667 0.006666666666666667 0.47333333333333333 0.006666666666666667 0.006666666666666667 0.47333333333333333
0.008333333333333333 0.008333333333333333 0.008333333333333333 0.008333333333333333 0.008333333333333333 0.008333333333333333 0.008333333333333333 0.25833333333333336 0.17500000000000002 0.5083333333333333
0.011111111111111112 0.011111111111111112 0.011111111111111112 0.011111111111111112 0.011111111111111112 0.011111111111111112 0.23333333333333334 0.011111111111111112 0.011111111111111112 0.6777777777777777
0.005263157894736842 0.005263157894736842 0.005263157894736842 0.005263157894736842 0.005263157894736842 0.005263157894736842 0.005263157894736842 0.3736842105263158 0.1631578947368421 0.4263157894736842
0.014285714285714287 0.014285714285714287 0.014285714285714287 0.014285714285714287 0.014285714285714287 0.3 0.014285714285714287 0.014285714285714287 0.15714285714285717 0.4428571428571429
0.006666666666666667 0.006666666666666667 0.006666666666666667 0.47333333333333333 0.006666666666666667 0.006666666666666667 0.006666666666666667 0.20666666666666667 0.006666666666666667 0.2733333333333333
0.0125 0.2625 0.0125 0.0125 0.0125 0.0125 0.0125 0.0125 0.0125 0.6375
0.3875 0.0125 0.0125 0.0125 0.0125 0.0125 0.0125 0.1375 0.0125 0.3875
0.3736842105263158 0.005263157894736842 0.005263157894736842 0.005263157894736842 0.005263157894736842 0.2157894736842105 0.005263157894736842 0.005263157894736842 0.005263157894736842 0.3736842105263158
0.00625 0.00625 0.00625 0.00625 0.00625 0.00625 0.13125 0.06875 0.13125 0.63125
0.3416666666666666 0.25833333333333336 0.008333333333333333 0.008333333333333333 0.008333333333333333 0.008333333333333333 0.008333333333333333 0.008333333333333333 0.008333333333333333 0.3416666666666666
0.36428571428571427 0.0071428571428571435 0.0071428571428571435 0.0071428571428571435 0.0071428571428571435 0.0071428571428571435 0.0071428571428571435 0.0071428571428571435 0.07857142857142858 0.5071428571428571
0.15 0.0071428571428571435 0.0071428571428571435 0.07857142857142858 0.0071428571428571435 0.07857142857142858 0.22142857142857145 0.0071428571428571435 0.0071428571428571435 0.43571428571428567
0.005 0.005 0.005 0.005 0.005 0.005 0.005 0.155 0.205 0.605
0.18333333333333332 0.016666666666666666 0.016666666666666666 0.016666666666666666 0.016666666666666666 0.016666666666666666 0.016666666666666666 0.35 0.016666666666666666 0.35
0.37916666666666665 0.04583333333333334 0.004166666666666667 0.004166666666666667 0.12916666666666668 0.004166666666666667 0.004166666666666667 0.004166666666666667 0.004166666666666667 0.42083333333333334
0.22142857142857145 0.0071428571428571435 0.07857142857142858 0.0071428571428571435 0.0071428571428571435 0.07857142857142858 0.0071428571428571435 0.2928571428571428 0.0071428571428571435 0.2928571428571428
0.008333333333333333 0.008333333333333333 0.008333333333333333 0.09166666666666667 0.008333333333333333 0.008333333333333333 0.425 0.008333333333333333 0.008333333333333333 0.425
0.0058823529411764705 0.0058823529411764705 0.0058823529411764705 0.0058823529411764705 0.0058823529411764705 0.0058823529411764705 0.12352941176470589 0.0058823529411764705 0.0058823529411764705 0.8294117647058823
0.07333333333333333 0.006666666666666667 0.006666666666666667 0.07333333333333333 0.14 0.006666666666666667 0.006666666666666667 0.006666666666666667 0.006666666666666667 0.6733333333333333
0.06875 0.06875 0.00625 0.06875 0.31875 0.00625 0.00625 0.00625 0.00625 0.44375
0.0058823529411764705 0.0058823529411764705 0.0058823529411764705 0.3 0.06470588235294118 0.06470588235294118 0.0058823529411764705 0.0058823529411764705 0.0058823529411764705 0.5352941176470588
0.004347826086956522 0.004347826086956522 0.1782608695652174 0.004347826086956522 0.004347826086956522 0.04782608695652174 0.004347826086956522 0.04782608695652174 0.04782608695652174 0.6565217391304348
0.0038461538461538464 0.1576923076923077 0.0038461538461538464 0.04230769230769231 0.0038461538461538464 0.11923076923076924 0.0038461538461538464 0.0038461538461538464 0.08076923076923077 0.5807692307692307
0.0125 0.0125 0.2625 0.1375 0.0125 0.0125 0.0125 0.0125 0.0125 0.5125
0.004 0.004 0.004 0.16399999999999998 0.004 0.044000000000000004 0.004 0.084 0.004 0.684
0.0125 0.0125 0.2625 0.0125 0.0125 0.0125 0.0125 0.0125 0.0125 0.6375
0.006666666666666667 0.2733333333333333 0.006666666666666667 0.14 0.006666666666666667 0.07333333333333333 0.07333333333333333 0.006666666666666667 0.006666666666666667 0.4066666666666666
0.011111111111111112 0.34444444444444444 0.011111111111111112 0.011111111111111112 0.011111111111111112 0.011111111111111112 0.011111111111111112 0.011111111111111112 0.011111111111111112 0.5666666666666667
0.05500000000000001 0.005 0.005 0.005 0.05500000000000001 0.355 0.155 0.10500000000000001 0.005 0.255
0.08461538461538462 0.007692307692307693 0.007692307692307693 0.007692307692307693 0.007692307692307693 0.16153846153846155 0.007692307692307693 0.007692307692307693 0.007692307692307693 0.7
0.007692307692307693 0.007692307692307693 0.3923076923076923 0.007692307692307693 0.007692307692307693 0.007692307692307693 0.007692307692307693 0.007692307692307693 0.007692307692307693 0.5461538461538461
0.005555555555555556 0.061111111111111116 0.005555555555555556 0.005555555555555556 0.005555555555555556 0.005555555555555556 0.22777777777777775 0.11666666666666667 0.005555555555555556 0.5611111111111111
0.009090909090909092 0.009090909090909092 0.2818181818181818 0.1 0.1 0.009090909090909092 0.009090909090909092 0.009090909090909092 0.009090909090909092 0.4636363636363636
0.008333333333333333 0.008333333333333333 0.09166666666666667 0.008333333333333333 0.008333333333333333 0.008333333333333333 0.008333333333333333 0.09166666666666667 0.008333333333333333 0.7583333333333333
0.3588235294117647 0.0058823529411764705 0.06470588235294118 0.0058823529411764705 0.0058823529411764705 0.0058823529411764705 0.0058823529411764705 0.0058823529411764705 0.0058823529411764705 0.5352941176470588
0.0125 0.0125 0.0125 0.0125 0.0125 0.0125 0.2625 0.3875 0.0125 0.2625
0.2818181818181818 0.009090909090909092 0.009090909090909092 0.009090909090909092 0.009090909090909092 0.009090909090909092 0.009090909090909092 0.009090909090909092 0.009090909090909092 0.6454545454545454
0.2125 0.004166666666666667 0.08750000000000001 0.25416666666666665 0.004166666666666667 0.08750000000000001 0.004166666666666667 0.004166666666666667 0.004166666666666667 0.33749999999999997
0.08461538461538462 0.16153846153846155 0.007692307692307693 0.007692307692307693 0.08461538461538462 0.007692307692307693 0.16153846153846155 0.007692307692307693 0.007692307692307693 0.46923076923076923
0.025 0.025 0.025 0.025 0.025 0.025 0.025 0.025 0.025 0.775
0.007692307692307693 0.007692307692307693 0.007692307692307693 0.3923076923076923 0.007692307692307693 0.007692307692307693 0.007692307692307693 0.08461538461538462 0.007692307692307693 0.46923076923076923
0.006666666666666667 0.2733333333333333 0.006666666666666667 0.006666666666666667 0.20666666666666667 0.006666666666666667 0.006666666666666667 0.006666666666666667 0.006666666666666667 0.47333333333333333
0.07333333333333333 0.006666666666666667 0.07333333333333333 0.2733333333333333 0.006666666666666667 0.006666666666666667 0.006666666666666667 0.006666666666666667 0.07333333333333333 0.47333333333333333
0.31875 0.00625 0.00625 0.00625 0.00625 0.13125 0.00625 0.00625 0.00625 0.50625
0.007692307692307693 0.46923076923076923 0.007692307692307693 0.007692307692307693 0.007692307692307693 0.007692307692307693 0.007692307692307693 0.007692307692307693 0.08461538461538462 0.3923076923076923
0.0071428571428571435 0.0071428571428571435 0.0071428571428571435 0.15 0.0071428571428571435 0.0071428571428571435 0.43571428571428567 0.0071428571428571435 0.0071428571428571435 0.36428571428571427
0.25416666666666665 0.004166666666666667 0.004166666666666667 0.004166666666666667 0.1708333333333333 0.004166666666666667 0.004166666666666667 0.12916666666666668 0.004166666666666667 0.42083333333333334
0.03333333333333333 0.15454545454545454 0.0030303030303030303 0.0030303030303030303 0.0030303030303030303 0.0030303030303030303 0.15454545454545454 0.09393939393939395 0.06363636363636364 0.4878787878787879
0.2520833333333333 0.0020833333333333333 0.0020833333333333333 0.043750000000000004 0.0020833333333333333 0.0020833333333333333 0.12708333333333333 0.043750000000000004 0.043750000000000004 0.48125
0.003703703703703704 0.337037037037037 0.003703703703703704 0.26296296296296295 0.003703703703703704 0.003703703703703704 0.18888888888888888 0.003703703703703704 0.003703703703703704 0.18888888888888888
0.011111111111111112 0.011111111111111112 0.011111111111111112 0.12222222222222223 0.011111111111111112 0.011111111111111112 0.12222222222222223 0.011111111111111112 0.011111111111111112 0.6777777777777777
0.007692307692307693 0.007692307692307693 0.007692307692307693 0.007692307692307693 0.16153846153846155 0.16153846153846155 0.007692307692307693 0.08461538461538462 0.007692307692307693 0.5461538461538461
0.0032258064516129032 0.26129032258064516 0.0032258064516129032 0.0032258064516129032 0.0032258064516129032 0.035483870967741936 0.0032258064516129032 0.22903225806451613 0.0032258064516129032 0.45483870967741935
0.01 0.21000000000000002 0.01 0.01 0.01 0.01 0.01 0.01 0.01 0.71
0.011111111111111112 0.011111111111111112 0.011111111111111112 0.011111111111111112 0.011111111111111112 0.011111111111111112 0.011111111111111112 0.12222222222222223 0.011111111111111112 0.7888888888888889
0.014285714285714287 0.4428571428571429 0.014285714285714287 0.15714285714285717 0.014285714285714287 0.014285714285714287 0.15714285714285717 0.014285714285714287 0.014285714285714287 0.15714285714285717
0.01 0.01 0.21000000000000002 0.01 0.01 0.01 0.01 0.01 0.01 0.71
0.09166666666666667 0.008333333333333333 0.008333333333333333 0.17500000000000002 0.008333333333333333 0.008333333333333333 0.008333333333333333 0.09166666666666667 0.17500000000000002 0.425
0.011111111111111112 0.011111111111111112 0.23333333333333334 0.12222222222222223 0.011111111111111112 0.011111111111111112 0.011111111111111112 0.011111111111111112 0.011111111111111112 0.5666666666666667
0.005 0.005 0.005 0.005 0.005 0.10500000000000001 0.05500000000000001 0.005 0.45499999999999996 0.355
0.0032258064516129037 0.06774193548387097 0.22903225806451613 0.0032258064516129037 0.06774193548387097 0.13225806451612904 0.0032258064516129037 0.0032258064516129037 0.0032258064516129037 0.4870967741935484
0.009090909090909092 0.19090909090909092 0.009090909090909092 0.009090909090909092 0.009090909090909092 0.009090909090909092 0.009090909090909092 0.009090909090909092 0.6454545454545454 0.1
0.014285714285714287 0.3 0.014285714285714287 0.014285714285714287 0.014285714285714287 0.014285714285714287 0.014285714285714287 0.014285714285714287 0.4428571428571429 0.15714285714285717
0.12916666666666668 0.2125 0.004166666666666667 0.004166666666666667 0.004166666666666667 0.004166666666666667 0.04583333333333334 0.12916666666666668 0.1708333333333333 0.29583333333333334
0.011111111111111112 0.011111111111111112 0.011111111111111112 0.011111111111111112 0.12222222222222223 0.12222222222222223 0.011111111111111112 0.4555555555555555 0.011111111111111112 0.23333333333333334
0.014285714285714287 0.014285714285714287 0.15714285714285717 0.014285714285714287 0.014285714285714287 0.014285714285714287 0.014285714285714287 0.014285714285714287 0.014285714285714287 0.7285714285714285
0.0071428571428571435 0.15 0.0071428571428571435 0.0071428571428571435 0.0071428571428571435 0.0071428571428571435 0.0071428571428571435 0.0071428571428571435 0.0071428571428571435 0.7928571428571428
0.009090909090909092 0.1 0.009090909090909092 0.009090909090909092 0.009090909090909092 0.009090909090909092 0.1 0.2818181818181818 0.19090909090909092 0.2818181818181818
0.2066666666666667 0.6733333333333333 0.006666666666666668 0.006666666666666668 0.006666666666666668 0.07333333333333335 0.006666666666666668 0.006666666666666668 0.006666666666666668 0.006666666666666668
0.004761904761904762 0.719047619047619 0.004761904761904762 0.05238095238095238 0.004761904761904762 0.004761904761904762 0.004761904761904762 0.004761904761904762 0.14761904761904762 0.05238095238095238
0.16153846153846158 0.776923076923077 0.007692307692307694 0.007692307692307694 0.007692307692307694 0.007692307692307694 0.007692307692307694 0.007692307692307694 0.007692307692307694 0.007692307692307694
0.008333333333333335 0.5916666666666667 0.008333333333333335 0.008333333333333335 0.008333333333333335 0.008333333333333335 0.3416666666666667 0.008333333333333335 0.008333333333333335 0.008333333333333335
0.011111111111111112 0.4555555555555555 0.23333333333333334 0.011111111111111112 0.011111111111111112 0.23333333333333334 0.011111111111111112 0.011111111111111112 0.011111111111111112 0.011111111111111112
0.004347826086956522 0.5260869565217391 0.2217391304347826 0.004347826086956522 0.004347826086956522 0.2217391304347826 0.004347826086956522 0.004347826086956522 0.004347826086956522 0.004347826086956522
0.42000000000000004 0.02 0.02 0.02 0.22000000000000003 0.02 0.02 0.02 0.22000000000000003 0.02
0.5071428571428572 0.3642857142857143 0.007142857142857144 0.07857142857142858 0.007142857142857144 0.007142857142857144 0.007142857142857144 0.007142857142857144 0.007142857142857144 0.007142857142857144
0.003448275862068966 0.5896551724137932 0.003448275862068966 0.003448275862068966 0.003448275862068966 0.003448275862068966 0.003448275862068966 0.003448275862068966 0.38275862068965516 0.003448275862068966
0.016666666666666666 0.35000000000000003 0.016666666666666666 0.016666666666666666 0.5166666666666667 0.016666666666666666 0.016666666666666666 0.016666666666666666 0.016666666666666666 0.016666666666666666
0.01 0.41 0.01 0.21000000000000002 0.01 0.01 0.01 0.31 0.01 0.01
0.004761904761904762 0.33809523809523806 0.004761904761904762 0.1952380952380952 0.004761904761904762 0.05238095238095238 0.24285714285714283 0.004761904761904762 0.14761904761904762 0.004761904761904762
0.005555555555555556 0.5611111111111111 0.005555555555555556 0.22777777777777775 0.005555555555555556 0.005555555555555556 0.005555555555555556 0.005555555555555556 0.005555555555555556 0.17222222222222222
0.7129032258064515 0.09999999999999998 0.003225806451612903 0.003225806451612903 0.06774193548387096 0.003225806451612903 0.03548387096774193 0.003225806451612903 0.003225806451612903 0.06774193548387096
0.0125 0.3875 0.0125 0.0125 0.0125 0.0125 0.0125 0.1375 0.3875 0.0125
0.014285714285714287 0.014285714285714287 0.014285714285714287 0.4428571428571429 0.014285714285714287 0.15714285714285717 0.15714285714285717 0.014285714285714287 0.15714285714285717 0.014285714285714287
0.009090909090909092 0.4636363636363637 0.009090909090909092 0.009090909090909092 0.009090909090909092 0.009090909090909092 0.10000000000000002 0.009090909090909092 0.37272727272727274 0.009090909090909092
0.016666666666666666 0.5166666666666667 0.016666666666666666 0.35000000000000003 0.016666666666666666 0.016666666666666666 0.016666666666666666 0.016666666666666666 0.016666666666666666 0.016666666666666666
0.008333333333333335 0.5916666666666667 0.008333333333333335 0.008333333333333335 0.09166666666666669 0.008333333333333335 0.008333333333333335 0.008333333333333335 0.25833333333333336 0.008333333333333335
0.011111111111111112 0.12222222222222223 0.011111111111111112 0.011111111111111112 0.011111111111111112 0.011111111111111112 0.011111111111111112 0.34444444444444444 0.4555555555555555 0.011111111111111112
0.0058823529411764705 0.3588235294117647 0.3588235294117647 0.0058823529411764705 0.12352941176470589 0.0058823529411764705 0.0058823529411764705 0.0058823529411764705 0.0058823529411764705 0.12352941176470589
0.08461538461538463 0.007692307692307694 0.007692307692307694 0.007692307692307694 0.16153846153846158 0.007692307692307694 0.08461538461538463 0.4692307692307693 0.16153846153846158 0.007692307692307694
0.010000000000000002 0.41000000000000003 0.010000000000000002 0.010000000000000002 0.010000000000000002 0.010000000000000002 0.010000000000000002 0.010000000000000002 0.51 0.010000000000000002
0.275 0.275 0.025 0.025 0.025 0.025 0.025 0.025 0.275 0.025
0.014285714285714287 0.014285714285714287 0.5857142857142856 0.014285714285714287 0.014285714285714287 0.014285714285714287 0.014285714285714287 0.014285714285714287 0.3 0.014285714285714287
0.016666666666666666 0.5166666666666667 0.016666666666666666 0.016666666666666666 0.35000000000000003 0.016666666666666666 0.016666666666666666 0.016666666666666666 0.016666666666666666 0.016666666666666666
0.011111111111111112 0.23333333333333334 0.011111111111111112 0.011111111111111112 0.6777777777777777 0.011111111111111112 0.011111111111111112 0.011111111111111112 0.011111111111111112 0.011111111111111112
0.009090909090909092 0.8272727272727274 0.009090909090909092 0.009090909090909092 0.10000000000000002 0.009090909090909092 0.009090909090909092 0.009090909090909092 0.009090909090909092 0.009090909090909092
0.009090909090909092 0.8272727272727274 0.009090909090909092 0.009090909090909092 0.009090909090909092 0.009090909090909092 0.009090909090909092 0.10000000000000002 0.009090909090909092 0.009090909090909092
0.007142857142857144 0.65 0.007142857142857144 0.007142857142857144 0.007142857142857144 0.15000000000000002 0.007142857142857144 0.15000000000000002 0.007142857142857144 0.007142857142857144
0.009090909090909092 0.4636363636363636 0.009090909090909092 0.19090909090909092 0.009090909090909092 0.009090909090909092 0.009090909090909092 0.2818181818181818 0.009090909090909092 0.009090909090909092
0.08461538461538463 0.6230769230769231 0.16153846153846158 0.007692307692307694 0.007692307692307694 0.007692307692307694 0.007692307692307694 0.007692307692307694 0.007692307692307694 0.08461538461538463
0.19375000000000003 0.006250000000000001 0.44375000000000003 0.006250000000000001 0.006250000000000001 0.06875000000000002 0.006250000000000001 0.006250000000000001 0.25625000000000003 0.006250000000000001
0.03333333333333333 0.03333333333333333 0.03333333333333333 0.03333333333333333 0.03333333333333333 0.03333333333333333 0.03333333333333333 0.03333333333333333 0.7 0.03333333333333333
0.007142857142857144 0.5071428571428572 0.22142857142857147 0.007142857142857144 0.07857142857142858 0.007142857142857144 0.007142857142857144 0.007142857142857144 0.15000000000000002 0.007142857142857144
0.011111111111111112 0.5666666666666667 0.011111111111111112 0.12222222222222223 0.23333333333333334 0.011111111111111112 0.011111111111111112 0.011111111111111112 0.011111111111111112 0.011111111111111112
0.3875 0.0125 0.0125 0.0125 0.0125 0.0125 0.0125 0.0125 0.5125 0.0125
0.6375000000000001 0.26250000000000007 0.012500000000000002 0.012500000000000002 0.012500000000000002 0.012500000000000002 0.012500000000000002 0.012500000000000002 0.012500000000000002 0.012500000000000002
0.016666666666666666 0.016666666666666666 0.18333333333333335 0.016666666666666666 0.016666666666666666 0.016666666666666666 0.016666666666666666 0.016666666666666666 0.6833333333333332 0.016666666666666666
0.31 0.01 0.41 0.01 0.01 0.01 0.01 0.01 0.21000000000000002 0.01
0.01666666666666667 0.01666666666666667 0.01666666666666667 0.01666666666666667 0.01666666666666667 0.01666666666666667 0.01666666666666667 0.01666666666666667 0.8500000000000001 0.01666666666666667
0.5083333333333334 0.008333333333333335 0.008333333333333335 0.008333333333333335 0.008333333333333335 0.008333333333333335 0.008333333333333335 0.008333333333333335 0.42500000000000004 0.008333333333333335
0.025 0.775 0.025 0.025 0.025 0.025 0.025 0.025 0.025 0.025
0.007142857142857144 0.5785714285714286 0.3642857142857143 0.007142857142857144 0.007142857142857144 0.007142857142857144 0.007142857142857144 0.007142857142857144 0.007142857142857144 0.007142857142857144
0.22142857142857145 0.0071428571428571435 0.0071428571428571435 0.0071428571428571435 0.36428571428571427 0.0071428571428571435 0.0071428571428571435 0.0071428571428571435 0.36428571428571427 0.0071428571428571435
0.2833333333333333 0.005555555555555556 0.005555555555555556 0.005555555555555556 0.005555555555555556 0.005555555555555556 0.005555555555555556 0.22777777777777775 0.005555555555555556 0.44999999999999996
0.09166666666666669 0.008333333333333335 0.008333333333333335 0.008333333333333335 0.09166666666666669 0.008333333333333335 0.5083333333333334 0.09166666666666669 0.17500000000000004 0.008333333333333335
0.01666666666666667 0.01666666666666667 0.01666666666666667 0.18333333333333338 0.01666666666666667 0.01666666666666667 0.01666666666666667 0.6833333333333333 0.01666666666666667 0.01666666666666667
0.23333333333333334 0.011111111111111112 0.011111111111111112 0.011111111111111112 0.011111111111111112 0.011111111111111112 0.4555555555555555 0.23333333333333334 0.011111111111111112 0.011111111111111112
0.8200000000000001 0.020000000000000004 0.020000000000000004 0.020000000000000004 0.020000000000000004 0.020000000000000004 0.020000000000000004 0.020000000000000004 0.020000000000000004 0.020000000000000004
0.016666666666666666 0.016666666666666666 0.18333333333333335 0.016666666666666666 0.016666666666666666 0.016666666666666666 0.35000000000000003 0.35000000000000003 0.016666666666666666 0.016666666666666666
0.011111111111111112 0.23333333333333334 0.011111111111111112 0.011111111111111112 0.011111111111111112 0.011111111111111112 0.011111111111111112 0.23333333333333334 0.4555555555555555 0.011111111111111112
0.19090909090909094 0.4636363636363637 0.10000000000000002 0.10000000000000002 0.10000000000000002 0.009090909090909092 0.009090909090909092 0.009090909090909092 0.009090909090909092 0.009090909090909092
0.01 0.21000000000000002 0.01 0.01 0.51 0.01 0.01 0.01 0.21000000000000002 0.01
0.011111111111111113 0.788888888888889 0.011111111111111113 0.011111111111111113 0.011111111111111113 0.011111111111111113 0.12222222222222226 0.011111111111111113 0.011111111111111113 0.011111111111111113
0.016666666666666666 0.18333333333333335 0.016666666666666666 0.35000000000000003 0.016666666666666666 0.35000000000000003 0.016666666666666666 0.016666666666666666 0.016666666666666666 0.016666666666666666
0.31 0.11000000000000001 0.01 0.01 0.51 0.01 0.01 0.01 0.01 0.01
0.2625 0.2625 0.0125 0.0125 0.0125 0.0125 0.0125 0.0125 0.3875 0.0125
0.006666666666666667 0.20666666666666667 0.006666666666666667 0.006666666666666667 0.006666666666666667 0.006666666666666667 0.006666666666666667 0.006666666666666667 0.006666666666666667 0.74
0.01666666666666667 0.6833333333333333 0.01666666666666667 0.01666666666666667 0.01666666666666667 0.01666666666666667 0.18333333333333338 0.01666666666666667 0.01666666666666667 0.01666666666666667
0.31 0.31 0.01 0.01 0.31 0.01 0.01 0.01 0.01 0.01
0.0125 0.1375 0.3875 0.1375 0.1375 0.1375 0.0125 0.0125 0.0125 0.0125
0.12222222222222223 0.12222222222222223 0.011111111111111112 0.011111111111111112 0.5666666666666667 0.011111111111111112 0.011111111111111112 0.011111111111111112 0.12222222222222223 0.011111111111111112
0.008333333333333335 0.09166666666666669 0.09166666666666669 0.008333333333333335 0.5916666666666667 0.008333333333333335 0.008333333333333335 0.17500000000000004 0.008333333333333335 0.008333333333333335
0.01666666666666667 0.18333333333333338 0.01666666666666667 0.01666666666666667 0.6833333333333333 0.01666666666666667 0.01666666666666667 0.01666666666666667 0.01666666666666667 0.01666666666666667
0.0125 0.0125 0.0125 0.0125 0.0125 0.0125 0.0125 0.5125 0.3875 0.0125
0.03333333333333333 0.7 0.03333333333333333 0.03333333333333333 0.03333333333333333 0.03333333333333333 0.03333333333333333 0.03333333333333333 0.03333333333333333 0.03333333333333333
0.005555555555555556 0.33888888888888885 0.005555555555555556 0.005555555555555556 0.005555555555555556 0.005555555555555556 0.39444444444444443 0.22777777777777775 0.005555555555555556 0.005555555555555556
0.23846153846153847 0.08461538461538462 0.007692307692307693 0.007692307692307693 0.007692307692307693 0.007692307692307693 0.007692307692307693 0.3923076923076923 0.23846153846153847 0.007692307692307693
0.008333333333333335 0.008333333333333335 0.008333333333333335 0.008333333333333335 0.09166666666666669 0.3416666666666667 0.5083333333333334 0.008333333333333335 0.008333333333333335 0.008333333333333335
0.5549999999999999 0.155 0.005 0.005 0.005 0.005 0.005 0.255 0.005 0.005
0.32105263157894737 0.1631578947368421 0.005263157894736842 0.005263157894736842 0.4263157894736842 0.005263157894736842 0.005263157894736842 0.05789473684210527 0.005263157894736842 0.005263157894736842
0.0035714285714285718 0.28928571428571426 0.0035714285714285718 0.075 0.0035714285714285718 0.1464285714285714 0.4321428571428571 0.03928571428571429 0.0035714285714285718 0.0035714285714285718
0.005555555555555556 0.005555555555555556 0.005555555555555556 0.11666666666666667 0.005555555555555556 0.005555555555555556 0.7833333333333333 0.005555555555555556 0.061111111111111116 0.005555555555555556
0.0058823529411764705 0.0058823529411764705 0.1823529411764706 0.0058823529411764705 0.4764705882352941 0.1823529411764706 0.0058823529411764705 0.0058823529411764705 0.12352941176470589 0.0058823529411764705
0.003703703703703704 0.003703703703703704 0.37407407407407406 0.003703703703703704 0.003703703703703704 0.37407407407407406 0.003703703703703704 0.003703703703703704 0.22592592592592592 0.003703703703703704
0.05 0.36818181818181817 0.45909090909090905 0.004545454545454546 0.004545454545454546 0.09545454545454546 0.004545454545454546 0.004545454545454546 0.004545454545454546 0.004545454545454546
0.04999999999999999 0.04999999999999999 0.04999999999999999 0.04999999999999999 0.5499999999999999 0.04999999999999999 0.04999999999999999 0.04999999999999999 0.04999999999999999 0.04999999999999999
0.305 0.305 0.005 0.005 0.305 0.005 0.05500000000000001 0.005 0.005 0.005
0.014285714285714287 0.014285714285714287 0.15714285714285717 0.3 0.15714285714285717 0.014285714285714287 0.014285714285714287 0.014285714285714287 0.3 0.014285714285714287
0.011111111111111112 0.011111111111111112 0.011111111111111112 0.011111111111111112 0.5666666666666667 0.011111111111111112 0.12222222222222223 0.12222222222222223 0.011111111111111112 0.12222222222222223
0.016666666666666666 0.016666666666666666 0.016666666666666666 0.5166666666666667 0.35000000000000003 0.016666666666666666 0.016666666666666666 0.016666666666666666 0.016666666666666666 0.016666666666666666
0.5461538461538462 0.007692307692307694 0.3153846153846154 0.007692307692307694 0.007692307692307694 0.007692307692307694 0.08461538461538463 0.007692307692307694 0.007692307692307694 0.007692307692307694
0.01 0.01 0.51 0.01 0.11000000000000001 0.01 0.31 0.01 0.01 0.01
0.18333333333333338 0.01666666666666667 0.01666666666666667 0.01666666666666667 0.6833333333333333 0.01666666666666667 0.01666666666666667 0.01666666666666667 0.01666666666666667 0.01666666666666667
0.014285714285714289 0.15714285714285717 0.014285714285714289 0.014285714285714289 0.7285714285714286 0.014285714285714289 0.014285714285714289 0.014285714285714289 0.014285714285714289 0.014285714285714289
0.0125 0.0125 0.0125 0.0125 0.1375 0.0125 0.1375 0.0125 0.6375 0.0125
0.17500000000000004 0.25833333333333336 0.42500000000000004 0.09166666666666669 0.008333333333333335 0.008333333333333335 0.008333333333333335 0.008333333333333335 0.008333333333333335 0.008333333333333335
0.009090909090909092 0.009090909090909092 0.7363636363636364 0.009090909090909092 0.009090909090909092 0.009090909090909092 0.009090909090909092 0.19090909090909094 0.009090909090909092 0.009090909090909092
0.011111111111111113 0.011111111111111113 0.011111111111111113 0.011111111111111113 0.788888888888889 0.12222222222222226 0.011111111111111113 0.011111111111111113 0.011111111111111113 0.011111111111111113
0.02 0.02 0.02 0.02 0.22000000000000003 0.02 0.62 0.02 0.02 0.02
0.007692307692307694 0.3153846153846154 0.08461538461538463 0.007692307692307694 0.007692307692307694 0.007692307692307694 0.5461538461538462 0.007692307692307694 0.007692307692307694 0.007692307692307694
0.008333333333333335 0.008333333333333335 0.42500000000000004 0.09166666666666669 0.008333333333333335 0.008333333333333335 0.3416666666666667 0.008333333333333335 0.09166666666666669 0.008333333333333335
0.009090909090909092 0.2818181818181818 0.009090909090909092 0.009090909090909092 0.3727272727272727 0.009090909090909092 0.2818181818181818 0.009090909090909092 0.009090909090909092 0.009090909090909092
0.016666666666666666 0.35000000000000003 0.18333333333333335 0.016666666666666666 0.35000000000000003 0.016666666666666666 0.016666666666666666 0.016666666666666666 0.016666666666666666 0.016666666666666666
0.011111111111111112 0.23333333333333334 0.011111111111111112 0.011111111111111112 0.6777777777777777 0.011111111111111112 0.011111111111111112 0.011111111111111112 0.011111111111111112 0.011111111111111112
0.020000000000000004 0.020000000000000004 0.020000000000000004 0.020000000000000004 0.8200000000000001 0.020000000000000004 0.020000000000000004 0.020000000000000004 0.020000000000000004 0.020000000000000004
0.014285714285714289 0.014285714285714289 0.014285714285714289 0.014285714285714289 0.014285714285714289 0.014285714285714289 0.5857142857142857 0.30000000000000004 0.014285714285714289 0.014285714285714289
0.011111111111111112 0.011111111111111112 0.34444444444444444 0.34444444444444444 0.011111111111111112 0.011111111111111112 0.23333333333333334 0.011111111111111112 0.011111111111111112 0.011111111111111112
0.008333333333333335 0.008333333333333335 0.3416666666666667 0.42500000000000004 0.09166666666666669 0.008333333333333335 0.008333333333333335 0.09166666666666669 0.008333333333333335 0.008333333333333335
0.03333333333333333 0.03333333333333333 0.03333333333333333 0.03333333333333333 0.7 0.03333333333333333 0.03333333333333333 0.03333333333333333 0.03333333333333333 0.03333333333333333
0.3400000000000001 0.006666666666666669 0.07333333333333336 0.006666666666666669 0.07333333333333336 0.006666666666666669 0.47333333333333344 0.006666666666666669 0.006666666666666669 0.006666666666666669
0.012500000000000002 0.13750000000000004 0.26250000000000007 0.012500000000000002 0.012500000000000002 0.012500000000000002 0.012500000000000002 0.5125000000000001 0.012500000000000002 0.012500000000000002
0.3727272727272727 0.009090909090909092 0.2818181818181818 0.009090909090909092 0.009090909090909092 0.2818181818181818 0.009090909090909092 0.009090909090909092 0.009090909090909092 0.009090909090909092
0.024999999999999994 0.024999999999999994 0.5249999999999999 0.024999999999999994 0.27499999999999997 0.024999999999999994 0.024999999999999994 0.024999999999999994 0.024999999999999994 0.024999999999999994
0.04230769230769231 0.23461538461538461 0.0038461538461538464 0.11923076923076924 0.5038461538461538 0.0038461538461538464 0.08076923076923077 0.0038461538461538464 0.0038461538461538464 0.0038461538461538464
0.01 0.11000000000000001 0.11000000000000001 0.01 0.71 0.01 0.01 0.01 0.01 0.01
0.3 0.014285714285714287 0.014285714285714287 0.014285714285714287 0.3 0.3 0.014285714285714287 0.014285714285714287 0.014285714285714287 0.014285714285714287
0.009090909090909092 0.009090909090909092 0.5545454545454546 0.10000000000000002 0.009090909090909092 0.009090909090909092 0.10000000000000002 0.009090909090909092 0.19090909090909094 0.009090909090909092
0.02 0.02 0.62 0.02 0.22000000000000003 0.02 0.02 0.02 0.02 0.02
0.1105263157894737 0.005263157894736842 0.005263157894736842 0.1105263157894737 0.1105263157894737 0.005263157894736842 0.32105263157894737 0.005263157894736842 0.32105263157894737 0.005263157894736842
0.11481481481481481 0.003703703703703704 0.003703703703703704 0.07777777777777778 0.3 0.003703703703703704 0.15185185185185185 0.003703703703703704 0.337037037037037 0.003703703703703704
0.011111111111111112 0.011111111111111112 0.011111111111111112 0.011111111111111112 0.34444444444444444 0.23333333333333334 0.12222222222222223 0.011111111111111112 0.12222222222222223 0.12222222222222223
0.0071428571428571435 0.0071428571428571435 0.43571428571428567 0.0071428571428571435 0.07857142857142858 0.0071428571428571435 0.22142857142857145 0.22142857142857145 0.0071428571428571435 0.0071428571428571435
0.008333333333333333 0.008333333333333333 0.425 0.008333333333333333 0.008333333333333333 0.008333333333333333 0.25833333333333336 0.17500000000000002 0.09166666666666667 0.008333333333333333
0.007142857142857144 0.007142857142857144 0.3642857142857143 0.007142857142857144 0.007142857142857144 0.007142857142857144 0.29285714285714287 0.22142857142857147 0.07857142857142858 0.007142857142857144
0.009090909090909092 0.009090909090909092 0.009090909090909092 0.009090909090909092 0.5545454545454546 0.009090909090909092 0.1 0.009090909090909092 0.2818181818181818 0.009090909090909092
0.39230769230769236 0.007692307692307694 0.007692307692307694 0.08461538461538463 0.4692307692307693 0.007692307692307694 0.007692307692307694 0.007692307692307694 0.007692307692307694 0.007692307692307694
0.006666666666666668 0.2733333333333333 0.006666666666666668 0.34 0.006666666666666668 0.006666666666666668 0.2066666666666667 0.07333333333333335 0.07333333333333335 0.006666666666666668
0.2157894736842105 0.26842105263157895 0.26842105263157895 0.005263157894736842 0.005263157894736842 0.1631578947368421 0.05789473684210527 0.005263157894736842 0.005263157894736842 0.005263157894736842
0.008333333333333335 0.008333333333333335 0.008333333333333335 0.008333333333333335 0.5083333333333334 0.008333333333333335 0.42500000000000004 0.008333333333333335 0.008333333333333335 0.008333333333333335
0.12222222222222223 0.12222222222222223 0.4555555555555555 0.011111111111111112 0.011111111111111112 0.011111111111111112 0.011111111111111112 0.011111111111111112 0.011111111111111112 0.23333333333333334
0.009090909090909092 0.009090909090909092 0.8272727272727274 0.009090909090909092 0.009090909090909092 0.009090909090909092 0.10000000000000002 0.009090909090909092 0.009090909090909092 0.009090909090909092
0.22142857142857145 0.0071428571428571435 0.22142857142857145 0.07857142857142858 0.0071428571428571435 0.0071428571428571435 0.22142857142857145 0.0071428571428571435 0.0071428571428571435 0.22142857142857145
0.007692307692307693 0.23846153846153847 0.23846153846153847 0.007692307692307693 0.16153846153846155 0.16153846153846155 0.007692307692307693 0.007692307692307693 0.007692307692307693 0.16153846153846155
0.3642857142857143 0.007142857142857144 0.5785714285714286 0.007142857142857144 0.007142857142857144 0.007142857142857144 0.007142857142857144 0.007142857142857144 0.007142857142857144 0.007142857142857144
0.005 0.005 0.005 0.005 0.155 0.205 0.605 0.005 0.005 0.005
0.025 0.025 0.775 0.025 0.025 0.025 0.025 0.025 0.025 0.025
0.02 0.02 0.22000000000000003 0.02 0.62 0.02 0.02 0.02 0.02 0.02
0.009090909090909092 0.009090909090909092 0.009090909090909092 0.009090909090909092 0.009090909090909092 0.1 0.5545454545454546 0.009090909090909092 0.2818181818181818 0.009090909090909092
0.25833333333333336 0.008333333333333335 0.3416666666666667 0.3416666666666667 0.008333333333333335 0.008333333333333335 0.008333333333333335 0.008333333333333335 0.008333333333333335 0.008333333333333335
0.02 0.02 0.02 0.02 0.22000000000000003 0.02 0.02 0.02 0.62 0.02
0.22142857142857147 0.007142857142857144 0.007142857142857144 0.29285714285714287 0.007142857142857144 0.007142857142857144 0.4357142857142857 0.007142857142857144 0.007142857142857144 0.007142857142857144
0.03333333333333333 0.03333333333333333 0.7 0.03333333333333333 0.03333333333333333 0.03333333333333333 0.03333333333333333 0.03333333333333333 0.03333333333333333 0.03333333333333333
0.6066666666666668 0.006666666666666669 0.006666666666666669 0.006666666666666669 0.3400000000000001 0.006666666666666669 0.006666666666666669 0.006666666666666669 0.006666666666666669 0.006666666666666669
0.016666666666666666 0.016666666666666666 0.016666666666666666 0.016666666666666666 0.5166666666666667 0.18333333333333335 0.18333333333333335 0.016666666666666666 0.016666666666666666 0.016666666666666666
0.025 0.025 0.775 0.025 0.025 0.025 0.025 0.025 0.025 0.025
0.024999999999999994 0.024999999999999994 0.27499999999999997 0.024999999999999994 0.024999999999999994 0.024999999999999994 0.5249999999999999 0.024999999999999994 0.024999999999999994 0.024999999999999994
0.011111111111111112 0.011111111111111112 0.011111111111111112 0.12222222222222223 0.34444444444444444 0.011111111111111112 0.34444444444444444 0.011111111111111112 0.011111111111111112 0.12222222222222223
0.3 0.15714285714285717 0.014285714285714287 0.014285714285714287 0.014285714285714287 0.014285714285714287 0.3 0.014285714285714287 0.014285714285714287 0.15714285714285717
