0.0703965087853914 0.08109334678437606 0.590480782791117 0.2580293616391155 
0.2893084044562042 0.1202228174398689 0.3014104317449962 0.28905834635893074 
0.12807059342241764 0.12542427569826922 0.48982009976897783 0.2566850311103352 
0.1240142668571814 0.10808011219855118 0.4820314248840005 0.28587419606026687 
0.3397399858378683 0.08849045117960024 0.281085254436874 0.2906843085456576 
0.2247836381464395 0.10250411888189531 0.39679304122212694 0.27591920174953827 
0.03870768223520004 0.06515053794988776 0.7577973553663311 0.13834442444858122 
0.11547084077062533 0.16014235932701587 0.48430850784597884 0.2400782920563799 
0.07788133463586211 0.11424209101775898 0.47619558658005207 0.3316809877663268 
0.06156450197486361 0.11846652674715426 0.5480915942517656 0.2718773770262166 
0.06971780283850684 0.08016230550746445 0.6024683181676854 0.24765157348634342 
0.026854715135351287 0.1336128634581266 0.32331011539249654 0.5162223060140256 
0.07728265582250018 0.11096449781984291 0.5492639088394591 0.2624889375181978 
0.03357420075550278 0.07656038750322874 0.6560511676700276 0.23381424407124082 
0.10520202343684786 0.07390144688744585 0.6120669833546315 0.20882954632107475 
0.056214371696828795 0.0651078172824565 0.4210426833163192 0.4576351277043954 
0.044162674086659345 0.09985166003993554 0.533021264462801 0.32296440141060423 
0.10583280033655826 0.10465290858186542 0.5196202575212971 0.2698940335602792 
0.07213073419066361 0.09752071833108242 0.5530479319129389 0.27730061556531505 
0.041369930089630004 0.073569117890942 0.7363985915719476 0.1486623604474803 
0.08733749734414674 0.14488937195105644 0.48454326223470556 0.28322986847009124 
0.035307826398685946 0.18038002631134165 0.4870224966751275 0.2972896506148449 
0.0775706730909338 0.1723246012812776 0.4861905317513337 0.26391419387645493 
0.03353319806021368 0.09366071940388472 0.6755970758402826 0.19720900669561892 
0.05759767820642997 0.08699226197772868 0.6063484290071478 0.24906163080869348 
0.027345585693324136 0.05766498624077219 0.7664014383422667 0.14858798972363704 
0.1128003883948771 0.13306494982251446 0.5557042836370707 0.19843037814553774 
0.08851569897941479 0.1706497072444803 0.5278768894150597 0.21295770436104525 
0.06279381356202053 0.1629815606065993 0.544416337880178 0.22980828795120228 
0.055584923806516244 0.0462577197866257 0.7123816249148159 0.18577573149204207 
0.06156166018024887 0.15355382026629696 0.5403629667739589 0.24452155277949528 
0.07445688155095823 0.1535832951909903 0.34902350821505107 0.42293631504300044 
0.24007382221289042 0.1223254371945856 0.38462133867831655 0.25297940191420737 
0.07268459850038425 0.04864270584681633 0.7488686446754758 0.12980405097732378 
0.07771064395970197 0.27434236083646996 0.32227765332736913 0.3256693418764589 
0.054101397554629144 0.0815480979255587 0.6791756915416538 0.18517481297815835 
0.07631940180393727 0.10930972729495052 0.3797688416559411 0.4346020292451711 
0.03565856865123831 0.11938831541244746 0.3793294764793685 0.4656236394569458 
0.1483845174357008 0.05939708457360729 0.580162048831262 0.2120563491594299 
0.1283342859297646 0.10292313418424105 0.29082462239355344 0.47791795749244087 
0.06667049357773659 0.13160349764950313 0.3051785813620494 0.4965474274107109 
0.018599182188845882 0.13429094927514898 0.6048232967175865 0.24228657181841867 
0.03767429819897475 0.45237161607200893 0.3292927438491975 0.18066134187981886 
0.024362996572718894 0.47791558317821986 0.3195152325696217 0.17820618767943947 
0.022019788602096114 0.46896991149720124 0.31510099999955526 0.19390929990114744 
0.05531239208093264 0.10404264360300076 0.6043512624738725 0.23629370184219403 
0.033014773194627346 0.08314281571380872 0.7178487406982874 0.16599367039327653 
0.06280522408962187 0.12042220547176037 0.30754572981324335 0.5092268406253745 
0.13412912293961538 0.14686486906477247 0.4795858347325406 0.23942017326307147 
0.06911862417666362 0.12654083914179798 0.615236217647169 0.18910431903436953 
0.050601855749188886 0.043734557981089606 0.7719596355417736 0.133703950727948 
0.032033681471944984 0.08537046583794644 0.6753837888788671 0.20721206381124155 
0.11684830003968107 0.143218734940064 0.4858918871999372 0.25404107782031776 
0.09491979924140641 0.15523653357814524 0.48498562487520075 0.26485804230524757 
0.030132714990170145 0.11284310160141388 0.6095540396948725 0.24747014371354337 
0.10129708005507436 0.13277733601195618 0.45454789899578907 0.3113776849371803 
0.04637543441994202 0.04036618370085993 0.784567427829071 0.12869095405012712 
0.04637543441994202 0.04036618370085993 0.784567427829071 0.12869095405012712 
0.03729885755264299 0.14639553110016407 0.4957838457761901 0.32052176557100276 
0.07543154043503882 0.1315816239098571 0.36925640127142395 0.4237304343836801 
0.027830583417117683 0.20915524270288022 0.2576660143289977 0.5053481595510043 
0.03051936010729537 0.09201061089168111 0.7041882047187761 0.17328182428224748 
0.050742505216653834 0.03783481205534481 0.7733544941788916 0.1380681885491097 
0.04881971440936142 0.08676119550896547 0.5688794070982438 0.29553968298342925 
0.3114056624906019 0.03825066105348308 0.38233177433107624 0.2680119021248387 
0.08548469293557148 0.036421570215626115 0.5718921839498587 0.30620155289894363 
0.05839017730666834 0.046518459282478344 0.721044840358908 0.1740465230519452 
0.12127397589314062 0.14457603104113534 0.440530521264029 0.2936194718016951 
0.028274073113895848 0.1487373187761068 0.3215778620469714 0.5014107460630259 
0.03508500654915289 0.11542664305342737 0.3778152110915692 0.4716731393058505 
0.09657952802614667 0.1045066851285848 0.3354158702750769 0.4634979165701916 
0.059332384805030954 0.03349511718806717 0.727232486975326 0.17994001103157586 
0.49567774335548936 0.0472813263909194 0.34774340004154186 0.10929753021204933 
0.056526980872211155 0.12681045707132801 0.3712541860436391 0.44540837601282174 
0.027030529576982924 0.17349183607720736 0.33977086790435457 0.45970676644145514 
0.18496173929500434 0.1206396732351396 0.5254452964329677 0.16895329103688844 
0.07965156922471463 0.0986408918292897 0.519754874303367 0.30195266464262865 
0.04309380428117789 0.147128827947241 0.653620772079106 0.15615659569247506 
0.15698211832067852 0.13075704531392826 0.4084426933369634 0.30381814302842985 
0.09252195496508317 0.13631485235167784 0.4244529374151218 0.3467102552681172 
0.06783105960819093 0.0840325232719605 0.5330295939130828 0.3151068232067658 
0.04511729232512622 0.13452128949504588 0.18386743132411976 0.6364939868557081 
0.031041270631559183 0.15189404876050097 0.3074498531994726 0.5096148274084672 
0.04338826252062799 0.11834123755064616 0.31839038836654243 0.5198801115621834 
0.06218656346855263 0.13263702344998782 0.5353582441325221 0.26981816894893745 
0.05936658998060201 0.04798591362322828 0.7103900009957924 0.18225749540037733 
0.04154427917220768 0.10417814323247832 0.2749054387742698 0.5793721388210442 
0.11143554923869588 0.07573977565995868 0.3511015306810303 0.46172314442031515 
0.022221316683804476 0.20364937407015507 0.5993933446819002 0.17473596456414037 
0.07824219753180732 0.102890123030047 0.640179393808278 0.17868828562986763 
0.08291012482480033 0.14221426794892936 0.2135914077732342 0.5612841994530361 
0.06291221701957854 0.07200619743598578 0.20755546766836389 0.6575261178760717 
0.05637023072433581 0.0740396128775023 0.4063231893483141 0.46326696704984793 
0.0722366509384731 0.18148316939049056 0.39615705564914405 0.35012312402189216 
0.0182322749375745 0.1370746461598772 0.1661104334175962 0.6785826454849522 
0.031192407151158896 0.08581702765454362 0.3161550017234924 0.5668355634708051 
0.023974173220718487 0.06775827123773652 0.1964146913276687 0.7118528642138763 
0.05913811215978434 0.2030096938231473 0.22272360023318374 0.5151285937838846 
0.03457537873428484 0.09224946785033668 0.17105486585104782 0.7021202875643308 
0.06654025359993278 0.13867462266247854 0.20358230491873913 0.5912028188188495 
0.023467484854620677 0.12890742099981387 0.1491641274507269 0.6984609666948385 
0.02397286926616572 0.14468801565532807 0.12634061152518258 0.7049985035533237 
0.05297647165811639 0.24180527183805095 0.17350743348480263 0.53171082301903 
0.07228907374182497 0.07093683893892475 0.29654700751142377 0.5602270798078266 
0.02776739920136828 0.08795873433951004 0.41760597569999625 0.4666678907591254 
0.0476184054712584 0.30012277545497784 0.12587198154286097 0.5263868375309028 
0.05193490566094358 0.14408198143914594 0.16863700906817325 0.6353461038317372 
0.052324160496280525 0.1395589486089883 0.185938034945104 0.6221788559496272 
0.06005264589766826 0.1181326380960077 0.25122642659622957 0.5705882894100944 
0.03770525926737275 0.09152749326658609 0.3828050725497462 0.48796217491629484 
0.12222078404143774 0.06741294335391172 0.18039809278324473 0.6299681798214058 
0.02029334411882778 0.18371300870850812 0.26709625184396657 0.5288973953286975 
0.1443641210934433 0.061392336627538194 0.20072301054862965 0.5935205317303889 
0.07604416448391774 0.08365356304397616 0.13643364354807702 0.7038686289240291 
0.05421180462121494 0.1396651849285565 0.47028965060917105 0.3358333598410575 
0.05413731253355362 0.0993478515879733 0.2290276225409778 0.6174872133374952 
0.049523585985014835 0.22379395935096244 0.27942689114051045 0.4472555635235124 
0.036023015522160626 0.15500220539490106 0.19747437399290865 0.6115004050900296 
0.06375153036846647 0.18486941136263899 0.1317268590362687 0.6196521992326258 
0.09038744938596734 0.0834975461689529 0.1627846977454267 0.6633303066996531 
0.082407543455092 0.14847016283276174 0.21562595347309518 0.5534963402390511 
0.04169071952863896 0.15149132732890047 0.2845644591626955 0.522253493979765 
0.0750939398363241 0.17793860098839823 0.2379032925489402 0.5090641666263376 
0.05629192915607828 0.12528211956214946 0.14790460288394625 0.670521348397826 
0.0721346640735457 0.11679583341113799 0.21290693207286876 0.5981625704424476 
0.07942985798741893 0.12158626534491801 0.18246175514966378 0.6165221215179993 
0.1735766214748314 0.051600158386486426 0.12334666471622033 0.6514765554224619 
0.025055642647507592 0.15965967779434942 0.30677162115751705 0.508513058400626 
0.10075080756991821 0.21297101357267456 0.19949019466282508 0.4867879841945822 
0.058447582230536865 0.11662469441564412 0.18246863329967325 0.6424590900541457 
0.09293307790836469 0.10887193707140672 0.1801014065843145 0.6180935784359142 
0.021139827280607346 0.14004123110554703 0.24452479156283655 0.5942941500510092 
0.1313387108678852 0.13380326218815186 0.19576554490428402 0.539092482039679 
0.0873739099496132 0.09096031971658736 0.2497612802244012 0.5719044901093983 
0.08860232427424998 0.12236577382269338 0.20203053505568153 0.5870013668473752 
0.02775877724653424 0.06373938186308437 0.2593421296646143 0.6491597112257671 
0.07361535158673925 0.14478315402777564 0.15048538563501446 0.6311161087504706 
0.05606353154531118 0.1604481701740956 0.17220239817618552 0.6112859001044078 
0.041063484919796736 0.1193791923859071 0.15026839089387578 0.6892889318004205 
0.03175915836511251 0.14353643940976432 0.19348622256035639 0.6312181796647667 
0.0808300429465468 0.16077074038023786 0.21841491101355848 0.5399843056596568 
0.09133699910459607 0.11151785409844742 0.3283983336711456 0.46874681312581085 
0.03810339182504634 0.18619741193241773 0.16832621466707234 0.6073729815754636 
0.03627340083403739 0.16218398951172922 0.2812271296741745 0.5203154799800589 
0.07488770225465323 0.10213674562958681 0.19029786021398273 0.6326776919017773 
0.02763869541966095 0.19695863707524572 0.2911919529767851 0.4842107145283083 
0.03685045315653575 0.22126834262314474 0.13899912959096816 0.6028820746293514 
0.057160798254211276 0.16331141927139295 0.15785471429879172 0.6216730681756041 
0.10170406797145368 0.05814008753327683 0.11751869762808398 0.7226371468671856 
0.11786321065455534 0.06880558858555544 0.13749639767202732 0.6758348030878618 
0.11762567403607134 0.05576216053537295 0.10334250106555354 0.7232696643630021 
0.04269590715710809 0.11508260048929893 0.1851061813399619 0.6571153110136312 
0.055766437080723326 0.11870254539821777 0.3226534975555584 0.5028775199655005 
0.04720346870921103 0.17557829382811482 0.1861237974299902 0.5910944400326839 
0.08759016299535936 0.07006247970223523 0.2755282732590509 0.5668190840433545 
0.050714583674221644 0.1092851518146462 0.2118069339300348 0.6281933305810974 
0.04189112560455325 0.14516017608284593 0.14293165923112872 0.670017039081472 
0.04723336288619092 0.25669848348416985 0.16682063971035777 0.5292475139192814 
0.06890696208959564 0.20855203878556494 0.2568507117408955 0.46569028738394386 
0.19543304102070957 0.20516851943112838 0.09573453299437877 0.5036639065537832 
0.08301163554604121 0.09662242702762128 0.18494589625790445 0.6354200411684331 
0.10344944331794685 0.19683988510438472 0.19582447906562445 0.503886192512044 
0.07938768288652523 0.16509926699259625 0.3204528138458498 0.4350602362750287 
0.10514914029891682 0.11233569373951985 0.15121535143486559 0.6312998145266978 
0.052022499069374326 0.09751253414584474 0.15674268595827667 0.6937222808265043 
0.025691230582452883 0.13083972346389358 0.25991476525260876 0.5835542807010448 
0.025452950088914985 0.19193635680386797 0.15170854067096864 0.6309021524362485 
0.07539647472211344 0.1391010571713254 0.21132623213045082 0.5741762359761104 
0.03436394668717132 0.18446859160454973 0.16954825419547134 0.6116192075128076 
0.07712561852859073 0.14577673867717697 0.17153838798704188 0.6055592548071904 
0.05580280879458157 0.06532578222098451 0.23905784853565573 0.6398135604487781 
0.046117529000439306 0.04779553646062465 0.11604007566411015 0.790046858874826 
0.0887235022853018 0.14248920640011434 0.21586267093337827 0.5529246203812056 
0.07870766325761777 0.13703895871874686 0.4704527910896453 0.31380058693399004 
0.05972663301863924 0.0428692302423144 0.2597407363354388 0.6376634004036076 
0.05882706071825237 0.11471461745587003 0.6822299954794602 0.14422832634641736 
0.07378278596581911 0.09191147278493328 0.2810528508961289 0.5532528903531186 
0.08116205173362125 0.1705581208862355 0.24184185048988255 0.5064379768902608 
0.10635317049768002 0.1519998582973685 0.1855561408592146 0.5560908303457369 
0.1773535314569262 0.07216785631647178 0.28210669886745415 0.4683719133591479 
0.04831242653836493 0.1772481979955968 0.2334944555487121 0.5409449199173262 
0.09900948293320222 0.06844933418467539 0.2336122750885636 0.5989289077935588 
0.047266447399514196 0.3032946206735101 0.2594192938404953 0.39001963808648044 
0.09331846844371613 0.14712841834127396 0.25524656314205496 0.5043065500729549 
0.05895384878422165 0.1630236319815484 0.3035891874659683 0.47443333176826163 
0.026253684909279835 0.23474604463336263 0.05021347469920093 0.6887867957581566 
0.06552797501391694 0.08420854250343612 0.2169892355358945 0.6332742469467525 
0.13734464194385973 0.13498385769662252 0.2253859560887552 0.5022855442707627 
0.028604958777937093 0.23588697822021107 0.2346933875494317 0.5008146754524202 
0.06771667105466463 0.17087183787408003 0.22756190580670788 0.5338495852645475 
0.029233380296928214 0.3582072405171155 0.2311860056651689 0.3813733735207873 
0.07939094168584646 0.105937445326857 0.29222259913850085 0.5224490138487957 
0.22662682176638313 0.13583161879355363 0.2988349915946405 0.3387065678454228 
0.29453530896600605 0.12453225940815156 0.316989113804451 0.2639433178213913 
0.32434959329567886 0.11760476272969406 0.3440526269630525 0.21399301701157453 
0.06464712008991695 0.12776419940912753 0.5110694279027432 0.29651925259821227 
0.11035514275984287 0.14682957048678075 0.31271043830652745 0.43010484844684904 
0.5787579551402131 0.05208321309115961 0.237330035553057 0.13182879621557023 
0.1154430978573467 0.08337562897700745 0.5845923533784776 0.21658891978716807 
0.11999749484469462 0.18091429488191366 0.44253296822499755 0.2565552420483942 
0.30328055707909984 0.16296278777398684 0.3889294367394587 0.14482721840745472 
0.06926395177414849 0.11587043320537659 0.5608886678691707 0.2539769471513043 
0.05798970428642512 0.15101328921607896 0.4954624836531424 0.2955345228443536 
0.10928003182962653 0.10710303101601472 0.514116888856254 0.2695000482981048 
0.09067598664734429 0.13494809791141685 0.4776237511672581 0.29675216427398077 
0.12487033594153696 0.20121674573320536 0.41273468586676554 0.2611782324584921 
0.13440465205615132 0.0615110998302129 0.5126897287740315 0.2913945193396043 
0.1310563514173583 0.09632232484711752 0.4225352101911509 0.3500861135443732 
0.08909169986909278 0.11137832439863933 0.6123867584525691 0.1871432172796989 
0.0771955668569165 0.07672015210097058 0.5480689864739258 0.2980152945681872 
0.28512456855851404 0.16295109005937514 0.34722771003457154 0.20469663134753932 
0.05207778020550314 0.12060413109752763 0.3089341156737121 0.5183839730232571 
0.151892004877896 0.07459466289890893 0.576736018030351 0.19677731419284397 
0.0956462503676816 0.05491883783174323 0.6299696248370678 0.21946528696350748 
0.42261874551498657 0.12084985110454086 0.2586167814939635 0.19791462188650902 
0.14105101396061043 0.12160414409076213 0.30881074582748685 0.42853409612114063 
0.1471940284589365 0.07420728676442516 0.6354488916672768 0.14314979310936152 
0.07656057715343732 0.07101458763591527 0.5915928549492611 0.2608319802613864 
0.06448646227726078 0.15994450536197144 0.4199968918867843 0.35557214047398344 
0.14706526202001144 0.1677255208245071 0.402893012155072 0.28231620500040944 
0.09818094446473649 0.12044629139367402 0.5190447894485422 0.2623279746930473 
0.07234756680272166 0.13750282916510384 0.5774476158883091 0.2127019881438653 
0.13246332724333446 0.11352832736191466 0.517422728548079 0.23658561684667198 
0.16314548075759996 0.0857904639793357 0.5362935291333552 0.2147705261297091 
0.3421407107454823 0.09205542571301796 0.4200877922728396 0.1457160712686601 
0.10306894408639217 0.08711235997286394 0.6395611043102919 0.1702575916304521 
0.053187874501536773 0.10751947478569925 0.5217449724624933 0.3175476782502707 
0.04634516285191951 0.1216376714803801 0.46819095950681544 0.363826206160885 
0.07660095943340348 0.14648779933597808 0.5178530569032503 0.25905818432736816 
0.26402473955972333 0.10227634763725112 0.4032745686779589 0.2304243441250666 
0.0974447096311567 0.02376337098015595 0.6807222822037039 0.1980696371849835 
0.06097966759388081 0.11606586653768736 0.5098345688495297 0.313119897018902 
0.063521278003515 0.1517775528441674 0.34620311351622485 0.4384980556360928 
0.07751502323770293 0.13257529759797884 0.5624919861020752 0.22741769306224305 
0.06707041364407466 0.07798675343708221 0.38481455778295515 0.47012827513588806 
0.10757379152155618 0.11620103171925342 0.5377133104355634 0.23851186632362711 
0.1565742032925889 0.09433743414931436 0.5250125548319119 0.2240758077261847 
0.04303140341814342 0.2026398056202999 0.5063009550500827 0.24802783591147404 
0.09381662784322212 0.2531676280612979 0.402413687825052 0.250602056270428 
0.061288639789950305 0.0710621192849748 0.6235817161368178 0.2440675247882571 
0.08411716695726504 0.054426090132942424 0.5251016237484355 0.33635511916135713 
0.10360868367559319 0.06898257036893186 0.6056055816977779 0.22180316425769708 
0.07250456885581491 0.09224620398617762 0.5814486350528631 0.25380059210514444 
0.14650049690897415 0.17943020688775346 0.4368078802779288 0.23726141592534358 
0.10091979744519476 0.08682461461139813 0.6158702535005969 0.19638533444281017 
0.19428438543711807 0.06350851227583118 0.5731780725554426 0.16902902973160797 
0.12312938258242813 0.08097177519796085 0.5533706927555135 0.24252814946409765 
0.08189948748424741 0.13006439534787959 0.537192397791379 0.250843719376494 
0.21836060920989087 0.08180038691812404 0.4572800104733105 0.2425589933986745 
0.09471985379320326 0.20454857277409752 0.39074331601735396 0.30998825741534525 
0.06031459722538157 0.18021449249459418 0.34650390639367923 0.41296700388634505 
0.1550358385882468 0.09041975151537353 0.557605596825237 0.19693881307114278 
0.06324865779983457 0.12724616132463545 0.5031225749912291 0.30638260588430083 
0.22413652446614302 0.1111693719377107 0.42444874501580987 0.24024535858033644 
0.068251449301195 0.11074460190307199 0.3620364933342147 0.4589674554615183 
0.06040815605716252 0.08927109963629 0.6106684274008525 0.239652316905695 
0.0848026314706189 0.12437579835906382 0.5537347374453101 0.23708683272500725 
0.3201950700352621 0.12319621605776243 0.2377401737777103 0.3188685401292652 
0.22787872345345223 0.121826152300504 0.3086205009637013 0.3416746232823425 
0.30582736965934987 0.13853477987226687 0.24171625236723066 0.3139215981011526 
0.3431981170571233 0.13163212501144386 0.21035544727279792 0.314814310658635 
0.34367759745103793 0.13144247707257337 0.270897645773106 0.25398227970328274 
0.10884258620098751 0.1463425936014451 0.3637565384289822 0.3810582817685852 
0.1356225645291447 0.139822462967609 0.5198060547621425 0.2047489177411039 
0.14518528573803602 0.08402165815496258 0.4744154322107634 0.29637762389623806 
0.12531011515003848 0.07527912743805411 0.5536127409508242 0.24579801646108307 
0.07611789036194484 0.11319824307161051 0.5877481557160343 0.22293571085041028 
0.33375571031844925 0.10332972956398993 0.31930572725987066 0.24360883285769008 
0.4442667527853953 0.07442408183271035 0.24513328061450543 0.2361758847673889 
0.46981956749198134 0.0719857592253567 0.26221909798583265 0.1959755752968293 
0.466918150342931 0.08356417491444122 0.26927906997060014 0.18023860477202758 
0.5853614301275193 0.05975574333806408 0.18511734484085796 0.1697654816935587 
0.5183220918988917 0.07695667617801433 0.19168417392760706 0.2130370579954871 
0.5628082127085534 0.10518142435557845 0.2150881280883205 0.11692223484754773 
0.4825273115300341 0.10049680031581111 0.23635285844520196 0.18062302970895286 
0.12159547683074541 0.06332493082590354 0.6821716514306689 0.13290794091268224 
0.29520169767768273 0.11030554618772972 0.2895902161504625 0.30490253998412503 
0.14123529404217783 0.11233347903691672 0.42710716375785523 0.31932406316305023 
0.3233888510700861 0.10998800674109416 0.24688864315640405 0.31973449903241574 
0.17078917471955182 0.03404939315449653 0.6936530899713479 0.10150834215460372 
0.03251306083217264 0.11268606153225343 0.574157840671474 0.2806430369640999 
0.06420331428989297 0.12144010196409719 0.5284349006740234 0.28592168307198634 
0.31536535249669284 0.14875275762448428 0.27360449421278643 0.26227739566603664 
0.08143399884988176 0.0987260503513894 0.5350619262649089 0.28477802453381995 
0.12268149018397762 0.12711954541003856 0.551945794571224 0.19825316983475993 
0.043920811357460815 0.48075546641375083 0.2871717180799286 0.18815200414885985 
0.1077963795025805 0.23974536310356337 0.18155466314889634 0.47090359424495976 
0.07249335233357782 0.3869218102329854 0.18729924788070182 0.3532855895527349 
0.04553655753449146 0.2575292921844445 0.42770915303932466 0.26922499724173937 
0.10476108117103877 0.39861292975795715 0.20664902396906618 0.2899769651019379 
0.04902927960004075 0.33252563343785035 0.2736993728918766 0.3447457140702323 
0.027845474306048102 0.3038959993425475 0.10127050776297411 0.5669880185884303 
0.07023087109196875 0.4898531273953835 0.15948069729628211 0.2804353042163657 
0.054338489576399245 0.4476137394588553 0.25776136293783936 0.24028640802690615 
0.12178947932095155 0.184409209516413 0.4505657313553729 0.24323557980726265 
0.08070509671354303 0.3006475141160597 0.20934547232155545 0.4093019168488419 
0.02866066578792274 0.45165521649421086 0.16425171056481105 0.3554324071530553 
0.034061963766328196 0.5670504767318092 0.18775524759986115 0.2111323119020015 
0.11689198741826282 0.3860568235891365 0.2155429430828804 0.28150824590972023 
0.023426272958964333 0.19882847595860897 0.34912576205303775 0.4286194890293889 
0.0864152356636453 0.34603958099139803 0.2195572181524773 0.3479879651924793 
0.0878794132783265 0.12310165763282027 0.26427017801929414 0.5247487510695591 
0.0190343929357891 0.2714427109026634 0.1804377409687732 0.5290851551927743 
0.06454537547003242 0.3642049264128507 0.2750730455350391 0.2961766525820778 
0.11290119382344435 0.4267468389656547 0.24371251984520406 0.2166394473656969 
0.06985101166059715 0.23097452232234308 0.2664549680367216 0.4327194979803382 
0.07657505072787897 0.36673751366517804 0.19712493456775346 0.3595625010391895 
0.03548088697241296 0.37901261719308155 0.2490625881355161 0.3364439076989894 
0.006471211300124527 0.6156450716430474 0.15547613719030184 0.22240757986652626 
0.03723044894479725 0.22011890980135604 0.5073690286663302 0.23528161258751668 
0.06323042212737061 0.583159683536385 0.11137918478424477 0.24223070955199963 
0.05825897051152916 0.461622612166406 0.22358637563471867 0.2565320416873462 
0.0968680550298699 0.23554704214052932 0.20193095858108498 0.46565394424851575 
0.07592071031250287 0.4498840160149158 0.1831608877187801 0.2910343859538012 
0.034182728528660014 0.4662143304068657 0.23927538531939807 0.2603275557450762 
0.24513118168219866 0.5210553115384933 0.19056854600322437 0.04324496077608353 
0.01991815194636294 0.45573055792249867 0.1729154658511332 0.3514358242800052 
0.014413238344435631 0.2504355188235486 0.1605628053765967 0.574588437455419 
0.05734725610850615 0.48255534760251007 0.26341510493458636 0.19668229135439746 
0.00802157926073295 0.47497612979046056 0.20640588645540153 0.310596404493405 
0.07237366392786514 0.38375394397045837 0.21688791987224554 0.32698447222943094 
0.04228533022699422 0.3873960935760789 0.37543810973698766 0.1948804664599392 
0.02438324659637379 0.5559531211480647 0.14014188677355488 0.2795217454820066 
0.056400459393555355 0.20798969338993858 0.45018839641792324 0.2854214507985828 
0.07927059868070327 0.3185783781620659 0.2640632388829843 0.3380877842742466 
0.01979613307197011 0.36429224815496625 0.20289967306818102 0.41301194570488264 
0.06701550231017983 0.3632163838449327 0.17387336954206606 0.3958947443028214 
0.1038162494692275 0.4135431580346056 0.27106142624131857 0.2115791662548484 
0.02011972151430456 0.5368872422353745 0.28411990408342586 0.15887313216689508 
0.04471361757282881 0.30946753135010263 0.4587232542206434 0.18709559685642518 
0.06967356813977839 0.2653475417434219 0.4161684981852063 0.24881039193159346 
0.1673546833837001 0.21654352014539724 0.1580450292099743 0.45805676726092837 
0.11354074604877627 0.3266443362292127 0.2324931554128802 0.32732176230913085 
0.046459032322571564 0.3511797255660499 0.38924753503421244 0.21311370707716615 
0.06717392843145231 0.3852316053157268 0.22162520490820473 0.3259692613446162 
0.08108984175329989 0.5854006623022373 0.13491641207396912 0.19859308387049388 
0.06210150431822362 0.41539872538447553 0.19387776249050917 0.3286220078067916 
0.06721299065211837 0.5344675822842738 0.14767186368237611 0.2506475633812317 
0.02126787547495044 0.5483356922170809 0.25074794077806495 0.17964849152990384 
0.037391971166692545 0.45320578615582946 0.19663913245005915 0.3127631102274189 
0.11819539788011203 0.512215304913652 0.14623881579941855 0.22335048140681746 
0.07135178259471676 0.425961277947133 0.18676325913385658 0.31592368032429363 
0.05209362452181146 0.3074015356062247 0.24382323824031946 0.3966816016316444 
0.0628756076416439 0.46676259898217287 0.19379530887812862 0.27656648449805465 
0.0614977619435815 0.41223429709554626 0.25848865172063323 0.2677792892402391 
0.07242195843946267 0.47182153963761336 0.15135873358853622 0.3043977683343878 
0.07162858295563237 0.32278156123267615 0.2748889512889137 0.3307009045227778 
0.05861200391299847 0.5813536199751528 0.17312564572291203 0.18690873038893668 
0.03144479897704202 0.3040723736011568 0.3332158480020548 0.3312669794197464 
0.027667074488665525 0.5138644405954254 0.18315617533862497 0.2753123095772842 
0.05958100512017245 0.645143072197717 0.1316148104114833 0.1636611122706272 
0.01941919216399571 0.537517593209753 0.12040741648919533 0.32265579813705597 
0.06570935181652374 0.6279682949035181 0.09428923601336212 0.21203311726659607 
0.056518954432764584 0.5148004054935762 0.18070534339468955 0.2479752966789696 
0.04034027284873837 0.49868289771575014 0.14640732765602937 0.31456950177948206 
0.13623809206457813 0.15446067969512964 0.22881987957179048 0.48048134866850184 
0.047964289439746524 0.2477802742981316 0.5191977190624415 0.1850577171996802 
0.010274430939720068 0.5726752607018301 0.17018447065920222 0.24686583769924764 
0.09131016844776953 0.4703522773177021 0.2605809088492197 0.17775664538530864 
0.07483815416746406 0.3885073164790571 0.25724908129221874 0.27940544806126016 
0.13671074185723436 0.46634191435969635 0.24119595950292827 0.155751384280141 
0.0627901680828598 0.32296533734461097 0.22908049739905115 0.3851639971734781 
0.042138194634663964 0.23394979178084424 0.2964299025555617 0.4274821110289302 
0.046437697856010894 0.3535445351298102 0.24245727372000056 0.35756049329417827 
0.04993749285811764 0.46622497438839955 0.15039752974126053 0.3334400030122222 
0.026082565855930925 0.5559865177221407 0.20042325041966608 0.21750766600226226 
0.04385286616023953 0.1639391459594005 0.18307336422114628 0.6091346236592137 
0.17399976835773512 0.3351756631679001 0.20886905995655147 0.2819555085178133 
0.017028635043713377 0.34518770732476667 0.3224072211323182 0.31537643649920183 
0.030099728825240302 0.4309517674262292 0.19352685023015165 0.3454216535183788 
0.15606748072246146 0.35869223537278455 0.19620196732447426 0.2890383165802797 
0.060289055648950596 0.22608107038463232 0.4868890785115427 0.22674079545487447 
0.09083958742621527 0.38465172391496844 0.2973997368186601 0.22710895184015628 
0.013231232894793766 0.6037649110342858 0.15780857733417322 0.22519527873674738 
0.052997695157688214 0.49049195544507973 0.1905611036014789 0.2659492457957532 
0.02409296683560832 0.2084115258139856 0.37815663119863574 0.3893388761517703 
0.030026353041917284 0.4715825217029206 0.2479219328918133 0.2504691923633487 
0.08563985379315467 0.4375718711015287 0.16114626529004134 0.31564200981527535 
0.0543588647275015 0.3887458465758389 0.3058988324869427 0.2509964562097169 
0.05245205680555783 0.45550324360130295 0.2839898923370438 0.20805480725609543 
0.053114994549754574 0.24892603693073412 0.45240313668394616 0.24555583183556515 
0.0198322076188673 0.4851948445262565 0.12906327107261226 0.36590967678226394 
0.008135762454708715 0.5769022149706828 0.1937159069676218 0.2212461156069867 
0.024769117454165716 0.4100296607631851 0.24132647830748913 0.3238747434751601 
0.049116187885681346 0.23620815027353234 0.17788964049556877 0.5367860213452176 
0.007576137674978181 0.647585109121774 0.1710533644797168 0.173785388723531 
0.026555128981036118 0.49563194066404215 0.22395978717916093 0.2538531431757609 
0.01608378301410001 0.5038474638183172 0.14335016880186258 0.3367185843657201 
0.06046078040625602 0.5194750813655812 0.18811587803711674 0.23194826019104614 
0.05310486520297527 0.18661929828874688 0.5103789776483395 0.24989685885993837 
0.0974723192154669 0.16884632075417966 0.21792027638425557 0.515761083646098 
