0.0003405088281682967 0.03899633740521336 0.020126756295993368 0.003494033332066817 0.09046532011376447 0.05843111019365186 0.08864357784999038 0.011663306689417815 0.6859262896629912 0.0019127596287423286
0.0630004120558491 0.022531621221364498 0.09083618376603303 0.0069878307749986455 0.025408192497992414 0.02436571695135255 0.08842843648936208 0.01787194168189795 0.6605586168917603 1.104766938935979e-05
0.0529121209046161 0.051653460518301046 0.07625569692323163 0.014752336107750463 0.06743831467783071 0.005352873794406215 0.022819243791440135 0.011789663264266878 0.687893408746608 0.009132881271548956
0.04551636033818824 0.09472812281782807 0.03437200073538913 0.0022537347291101606 0.008584486947161447 0.00927726619642902 0.06436009440266911 0.07827677570059842 0.6581070155980802 0.0045241425345463274
0.00524156336866205 0.0016295806562169268 0.02733326459350131 1.9469826109894602e-05 0.00028432692512412526 0.0018681887982237915 0.026959112917528123 0.00967156891503885 0.9269690212320716 2.3902767523452606e-05
0.02108807799087835 0.06246923966123501 0.010369168565041722 9.526826960032204e-06 0.00028968635957567825 0.0006029980834409053 0.002149123226539277 0.192894094713811 0.7101200747366362 8.0098358818873e-06
0.00641323773000473 0.013728106306484859 0.07558263020939032 0.006374813468075405 0.07675928394421155 0.0032442893650449617 0.003497641330775325 0.024493439260275935 0.787625974061158 0.0022805843245792858
0.017884722465179637 0.06420649210001256 0.08271249896458492 0.01048876243432209 0.0025505693751711276 0.00021763108028112092 0.0033731025393968503 0.0013937149202543407 0.8097557905480289 0.0074167155727684715
0.0010496868525022276 0.043016656827225816 0.010597232723873912 0.0010163393707823686 0.1471207371194327 0.08349866760276685 0.002852266572921056 0.0029719188604288398 0.7055642361136903 0.0023122579563756066
0.009185224666009786 0.012151811295768346 0.22577621012191948 0.012474164515247256 0.026067925912385038 0.024856042694077384 0.23501745182560638 0.02520063271562727 0.4288358355435459 0.0004347007098133514
0.0023944038205235417 0.008349744766297313 0.12821455572733392 0.00296371782893709 0.12239767534552677 0.01623170638791957 0.03110274732803058 0.002463261123059474 0.6640688684762956 0.021813319196075976
0.016373770872021066 0.016936537321880944 0.12681141731275167 0.026039826293260692 0.0010650063591785086 0.0009561037989609676 0.017319795985446213 0.007555922653338974 0.7689861441810427 0.017955475222118402
0.1268545770620058 0.02894941984971068 0.01841529005199342 0.002944395617863029 0.0018054778021675674 0.11262319123075924 1.3874548446411772e-06 0.0016117807601535238 0.7061317943115124 0.0006626858589896851
0.008455171312020459 0.02534149752340754 0.07582162501117591 0.003866941282538982 0.026399620298805125 0.005654746673263038 0.1490485346980503 0.017828538971620077 0.6822892343873516 0.005294089841766596
0.0008105382859943679 0.003635538286707103 0.11949091371127828 0.0002056771886024682 0.10195608644966236 0.0009973751162448492 0.018292304607814152 0.1401976157645924 0.6082672060772257 0.006146744511878274
0.028684013541436702 0.03976855402154 0.041064704729397425 0.016609482195783055 0.1513413007381168 0.09134300733705406 0.08266332964250665 0.014020850487177406 0.5260923835430905 0.00841237376389738
0.010782813468298137 0.015155443949153366 0.28375445174018216 0.00267473336757001 0.19336951936624272 0.04237278768880984 0.1637108655617362 0.014833271198832482 0.2600478555751211 0.013298258084054177
0.0005701905558400231 0.01741537671160813 0.037199309958349414 2.482122112344622e-06 0.028581631397161404 0.008717273557422793 0.13450693727211663 0.00624941142757778 0.7667553001129711 2.086884840261299e-06
0.0225436866223355 0.035970470857947315 0.07118539528768592 0.0012408951042040854 0.07694782026194441 0.009887941841772514 0.23767819401074552 0.013567519854746884 0.5309198072259372 5.8268932680519566e-05
0.012365093706404533 0.01679493785021099 0.13602463273887655 8.119658948092128e-05 0.18849772350518165 0.0013585821339508837 0.049876869529381 0.04277313534818793 0.5520441722042612 0.00018365639406441083
1.1100835406291292e-05 0.007884972495293541 0.06733466844214116 0.00414639952600597 0.19493665983137634 0.017103246354705334 0.002601945596174354 0.015670544240484054 0.67360323623203 0.016707226446383155
0.02200722739329977 0.031187614097808364 0.24953634982503975 0.013849694591691329 0.009410014011493058 0.021387733990186845 0.008831557734390288 0.02290148532112956 0.6190335825795417 0.0018547404554194072
0.008820994488526 0.09883950959162545 0.03980573352659383 4.537736285778038e-06 0.0148573040739345 0.0001015487319497074 0.0017156804943231027 0.06798096098217862 0.7678675125276104 6.217846972543634e-06
0.0053855613314438035 0.11829263938539164 0.21628653066866704 0.007939907627885942 0.02077437805651091 0.13334366448729032 0.16077048651490616 0.011313957629427357 0.3202360146927848 0.005656859605692052
3.4076476487574376e-05 0.017849020165221514 0.06526033463645527 0.007256585868606685 0.00469317076958776 0.016464751931815017 0.00119233271054813 8.59380041490154e-06 0.887130151710051 0.00011098193081206809
0.001433274794262167 0.003910178767032111 0.178551779558398 0.000111900074480351 0.12836886492306268 1.673339528581666e-05 0.0021358430038245614 0.02356871155099012 0.6618998685986024 2.845334061893272e-06
0.02754357759954234 0.03552285585765531 0.10099256656048623 0.0023906972185514484 0.11941946693541906 0.0222721706815279 0.05875074013621601 0.019696262679546987 0.5705656990246308 0.04284596330642383
0.009300747665242115 0.005747000800433861 0.12239204094071446 1.1693268826073326e-05 0.04975994732837913 0.00017893955100366503 0.06110989974957151 0.006107853836844836 0.745390305494727 1.5713642578030469e-06
0.0033919571132589705 0.010624404923054356 0.2510296013680014 0.043457978672211475 0.019564723268373333 0.00949701537241589 0.16148281209782078 0.03679330778362415 0.4620489157939218 0.002109283607317986
0.010788621852608204 0.055149499734992814 0.07501570739014768 4.9938297172567494e-05 0.06823330813966529 0.03284542718959611 0.004907089066736944 0.014583162612689864 0.7349329850075872 0.0034942607088029524
0.000750304053846348 0.02169151799568557 0.04808344916548408 2.911802388918543e-06 0.1082397604750834 0.03928240206008872 0.045009749090791314 0.14666774461578785 0.5772365091599425 0.013035651580901654
0.013120971715916602 0.03323568150148144 0.16091423636235203 0.00030307120461555136 0.052621890169077694 0.011858265064847556 0.0855441416025344 0.015412253279959633 0.6268986770409843 9.081205823061289e-05
0.002856644464679351 2.56160666593919e-05 0.1261528172999434 7.777785882478432e-05 0.002677872689931611 3.59247493962375e-05 8.235796021769064e-05 0.11061541515518467 0.7574538240028162 2.1749752346563373e-05
0.01938813417301865 0.040606192827215386 0.17383445576937745 0.019388508627065575 0.03714099490501237 0.02584132089399874 0.11913363043050536 0.03242965016693281 0.5299859716798898 0.002251140526983474
0.05403857121389326 0.03643033842480307 0.1365785858977049 0.015370473975369893 0.1375197218516776 0.00020047426922637182 0.06130590323188785 0.04483005562394577 0.5130689012229526 0.0006569742885388253
0.00195779623652381 0.04815922971189289 0.02749853850333706 0.03303141021922801 0.006750220843240019 0.052101332463269714 0.1907746574606735 0.011743813688214479 0.6199336581296365 0.008049342743983964
0.006940441288726787 0.01406610736688118 0.0693010031737649 0.0066635780985938135 0.009845040768694491 0.0075467671612844105 0.01726675797371918 0.05106201812795743 0.8147867809072274 0.0025215051331499328
0.002527600607593126 0.004322997208961013 0.07044047246383943 0.022777050669166903 0.06952710873886357 0.003937311740481226 0.13172049684077425 0.021476338515477193 0.6671957244068544 0.006074898807989107
0.019074888837514927 0.008954745707589307 0.10548942128498874 0.045850046687351764 0.017153099354320567 0.04065387792536869 0.06416509152235446 0.049786752649969485 0.6486466729999308 0.00022540303061147605
0.0030341518510286964 0.02802499980359858 0.02061281972202249 0.10826813053388906 0.017516346976193982 0.10452041359499577 0.004443455918960347 0.010633621442190532 0.6923186666880313 0.010627393469089011
0.026155216739882074 0.014919198205299383 0.08970249415208977 5.29208753147521e-05 0.04607156850743343 0.00190430210686747 0.1671191444104379 0.00911817100002088 0.6446472433701074 0.0003097406325469147
0.020052406770217444 0.05840557961684905 0.02294806964112704 0.002165144568082348 0.02121783601383051 0.05797950855298229 0.08422774126305198 0.006973165598523351 0.7161017917174479 0.009928756257888124
0.06302972356113638 0.006273032485167729 0.009386654944805244 0.004062828029924961 0.017075925382680424 0.04362613371349024 0.029391213896276157 0.09371990159840851 0.7217186262425812 0.011715960145529152
0.00992172488558152 0.01757658522498505 0.052181354210728205 0.007784415839950838 0.026257211432311106 0.023666915860203447 0.014589046021618028 0.03014076831049783 0.7886291615728533 0.029252816641269715
0.017790498556592624 0.000241159320595822 0.04202137094641765 0.00034491157830402727 0.003238419602646306 0.019099320381611513 0.0024289915425994442 0.007295442228799921 0.9073104800923981 0.00022940575003452287
0.05994521724621979 0.05595320868274209 0.09860891509399013 0.00777545732870042 0.02755976078126806 0.0790347173232039 0.12105918872440705 0.0045235571405902305 0.5441645333784589 0.0013754443004194454
0.0007261480897024685 0.01334857399084502 0.018959769235974006 0.0003945032206028772 0.24033161339497097 0.0551291420759971 0.0011823766308092908 0.01890212346180747 0.6504880766519533 0.0005376732473374756
0.04497593218993107 0.1813710112491591 0.1428561318733657 0.005344754725643246 0.10618408377586634 0.007208898196437082 0.09191383387597128 0.033706289075444006 0.38176427144176445 0.004674793596417878
0.004149051244349959 0.033575192185614555 0.052808421994110885 0.0031893494763445287 0.05202103688883608 0.0063966236601563295 0.001850590755101583 0.025330052125169488 0.8167340331297948 0.003945648540521866
0.019177182405969332 0.014460683565078892 0.05663354156561003 0.03729618694030126 0.02813265002640793 0.01094765142075685 0.0803544604020036 0.055246682195436186 0.6976472806082308 0.00010368087020528413
0.003226374748018376 0.04171714823820833 0.17460723251588034 0.016776268368854937 0.009192496411041412 0.01154408091279658 0.05759662112246868 0.008494058444258516 0.6761995577874764 0.0006461614509958555
0.0023035760767717685 0.1426693385042595 0.07467975975131613 0.0017891481504229458 0.20351325765304637 0.008570492537607161 0.029907034697043547 0.03880978422485985 0.4976401630839123 0.00011744532076027336
0.004221885125264585 0.0032515060138523775 0.02921815721020439 0.0007058641937940166 0.05582078784984825 0.00011424964564164591 0.038432576027832524 0.0022253359039726057 0.8660085685936157 1.0694359735697322e-06
0.005199590832629852 0.0048087578687764235 0.12666956502303686 0.003334885201517208 0.18685533667130602 0.010418182246644994 0.01410244654636319 0.0010857697736746498 0.647490180810776 3.528502527443089e-05
0.0026939304239361984 0.02122412785716144 0.23575559759488762 1.609854709621769e-05 0.00995669173547559 0.007088574445136783 0.04123852085644347 0.10226602893399232 0.5780412792206581 0.0017191503852123592
0.005723957512376538 0.02130925706165015 0.11821310237546252 0.004851063108128438 0.08969623792640298 0.0005815178184089889 0.036560360644173284 0.0120355404735012 0.709347460342913 0.001681502736983044
0.024944943332353114 0.03344651651308937 0.012659574813658212 0.002842604193761714 0.15788829086967138 0.08846910045116173 0.020250338693635246 0.021400014432976577 0.6274698483039911 0.010628768395701352
0.05931382025192515 0.02893787078101278 0.01964773596687252 0.04258956968094296 0.01047316076462172 0.06690676371419609 0.08322765024077396 0.1293996431477059 0.5481828107028851 0.011320974749063904
6.440942749676723e-07 5.203556601470729e-07 0.0009277540169321176 1.2588315491582333e-06 4.545607411743642e-05 5.814406390058189e-07 4.1198007655292074e-07 8.919606159238985e-06 0.9990133952173381 1.058383253312004e-06
0.00266097297656682 0.01408982458043639 0.045813012297364474 0.01317713364874189 0.0013075719175566938 0.19418400346570305 0.008812225156321222 0.006035710538425391 0.6837827767055835 0.03013676871330011
0.002948021704113434 0.020934274998513448 0.12118043219383143 0.041783971128035016 0.04962441653633927 0.027616346584274067 0.008430116778426169 0.08976277226674582 0.6275118202096679 0.010207827600053659
0.002623417590370141 0.013385046383211216 0.029067421084803417 0.006832190335358147 0.00767975937313877 0.08379488618259821 0.13704966546482256 0.014372168315091943 0.6276251116891364 0.07757033358146925
0.00026068472716805067 0.022307592458481615 0.07922108731559058 1.1874926863064436e-05 0.031288596624037546 6.018459379054399e-05 0.0042417932209216375 0.06328584585072809 0.7990091972623422 0.0003131430200766316
0.023743453102455212 0.045882504017231124 0.13699688451806813 0.006367268305697879 0.004770358084556578 0.16691276160775056 0.035334460720688673 0.06578519490948583 0.5081325101449311 0.006074604589134932
0.01245199956615831 0.04044566492178796 0.1068732904152196 0.020589089973870666 0.03375860113736609 0.1046320590053611 0.1420175966360398 0.03332839563009113 0.4865198973919789 0.01938340532212669
0.03904163460646584 0.06186519267608939 0.11223259332735952 0.014260911366900882 0.05820139667127401 0.013890352041725434 0.044286108897239135 0.02639632301275571 0.6295032792231414 0.00032220817704810306
0.014121095464732844 0.022237301324320436 0.09507687118905384 0.0020980242901335504 0.03516599246462597 0.02124297053228419 0.04655279786865535 0.023131543602867632 0.736884151113597 0.0034892521497289285
0.00891551931908634 0.01391576022451051 0.0485787739830484 0.013689292283421813 0.021293594916776768 0.01615477991768697 0.08516546652573817 0.08864943838225908 0.6822143854381771 0.021422989009294475
0.008828182999718727 0.06507082266574736 0.039720140655319626 0.02194605240007199 0.021286471596983443 0.3345424505067684 0.15959527499415374 0.07446190930972196 0.258655686390144 0.015893008481371325
5.931761700135589e-05 0.005613436813994822 0.020948883349777778 0.00017260950715981967 0.00012028608127870876 0.04396092027710856 0.0026679778687058496 0.008731157945116351 0.9156596566861462 0.0020657538537105203
0.13607502654307402 0.04715502349055992 0.09725036555683896 0.03380366111832381 0.0058204123332930595 0.04040518098449366 0.0046436504033133975 0.04999988117735883 0.5847975661370443 4.923225570018515e-05
0.013595846419017324 0.04485930324828271 0.11803628431696973 0.008254286197310765 0.025571042710373585 0.007545176577544138 0.003482246600487915 0.015487062693987521 0.7451638818891805 0.018004869346846974
0.029611740002005848 0.108296319024053 0.21275727471470685 0.06861884361012946 0.01218870123445129 0.06299163798115567 0.02926552808918254 0.019042950667368944 0.45082134943310803 0.006405655243838303
3.476546508015298e-05 0.0008074478734690372 0.00248303475485933 1.399631553618602e-05 0.0053267857852054385 2.2603182083103817e-05 1.6378778209299274e-06 1.7660605781732668e-06 0.991303754951656 4.207733711658542e-06
0.00647176724106624 0.0655122208573285 0.4033397515901521 0.0007111058240424135 0.0004247408171548102 0.0003240890860625654 0.03440705428128587 0.24204860630111355 0.2262405406388664 0.02052012336292754
0.00837165733791529 0.0023240040075164516 0.13060826289034086 0.015385514174470413 0.0006670725203477775 0.0004333236440787245 8.175925083158719e-05 0.0077094895140914525 0.828779318423051 0.005639598237356489
0.02600566241328659 0.026317771449116747 0.12900906817641083 0.003450122466511134 0.0033347076142684097 0.14457171259842325 0.037569049778843684 0.023533204138880607 0.6042816809823212 0.001927020381937599
0.002361495182141742 0.00030315953042899175 0.0025852766804514565 0.001527631810858543 0.03182375839822742 0.0024508941177372573 0.07012388884527733 0.013904071970418578 0.8682784076037501 0.006641415860708597
0.05324764075387694 0.015217457203072592 0.1745104495229278 0.014825774421239135 0.003587061308463175 0.02737385852830745 0.010056610313536947 0.10825243020924384 0.5831043643898155 0.009824353349516672
0.050849849854755304 0.047428991424467326 0.01528542641325576 0.0010342603952822294 0.001409818197612773 0.002462654251852502 0.0286852282961508 0.047288798705327616 0.7843453817301552 0.021209590731140246
0.0034828073534334428 0.002489703995393747 0.5584551282198172 0.0018783474228007938 0.0784067934916872 0.017490958010239442 0.002079957654321506 0.028722143057402824 0.30662152047890073 0.00037264031600301877
0.019334290084631712 0.010627503569095986 0.2689560495128148 0.0157198847222237 0.02921597831910112 0.04920589558611608 0.022737654475924494 0.06702113547777028 0.5033517983051083 0.013829809947213525
0.02109978711007263 0.03342805660222901 0.2179402004170277 0.006512535924365608 0.03269042930819923 0.02226770758415295 0.05631516797884342 0.047349831535456716 0.5611015756318462 0.0012947079078068219
0.004533429159471793 0.03553745685324305 0.3588167257250104 0.001127054911871214 0.02142326450032601 0.0018212224758628439 0.04802694966127792 0.10723542177743967 0.41971727624375965 0.001761198691737311
2.6254944391060697e-05 0.010216524323658459 0.002448081533099238 0.0740659274665448 0.023286213003743363 0.008088381494606096 0.00022281223863502425 0.0014420466753195312 0.8800875129010075 0.00011624541899488845
0.0021182027997053935 0.00817484328889109 0.015278159750961392 0.06924832816627016 0.003750247498719982 0.014450188590241662 0.006720893451042691 0.017581032445799363 0.8479709956951684 0.01470710831319969
0.004031038197546111 0.03122602575937839 0.15957183058286603 0.0062200858342543455 0.11184602111900772 0.030715887054143094 0.0063472231583088816 0.0886061427711442 0.5404972639247827 0.020938481598568464
0.007636046955376026 0.13276700985526718 0.09700038366963663 0.036550196531353794 0.06045940545280712 0.3555125676222273 0.014981754708286985 0.027087089494261533 0.26777156697315774 0.00023397873762570206
0.039160412531846774 0.035662667492030516 0.2764442723656701 0.0007629984597472906 0.02470940255133548 0.13943531035240983 0.05420972101423309 0.24525957075695873 0.17840542398098558 0.00595022049478246
0.05202344501102409 0.13290890840561628 0.27362989564180257 0.0036597587261966704 0.002233185636983331 0.2462765219028209 0.024343822626490725 0.10615684095140411 0.13422055630594965 0.024547064791711655
0.059151715386428966 0.01328864261038693 0.16085152639824166 0.0036981125697157793 0.04076991393677632 0.11869746491114166 0.12160124077343917 0.353543564275752 0.12291140874935559 0.005486410388761774
0.2744959899216352 0.03779097407724613 0.2533933026309696 0.005172209688961606 0.005225263997206254 0.10454544625936557 0.09085608509798045 0.17606003491537262 0.05242752329319507 3.317011806755051e-05
0.24590786376852203 0.1086749289715261 0.19486465690238775 0.019732119807579038 0.003314046684014789 0.26633597633884665 0.04534198856596271 0.03561609394166627 0.05939548505878802 0.02081683996070694
0.11004614637122767 0.21272620862802782 0.2257931693524201 7.672897468645133e-05 0.00018872495837501607 6.664148476278543e-06 0.022234016896323636 0.31890867151696384 0.0009680440867866693 0.10905162506671255
0.015376866718275647 0.1200278025161287 0.29166322044456994 0.012088888331210223 0.006714963099064662 0.043976534961404065 0.3020856918798134 0.11283284213271293 0.049432586301586146 0.045800603615234324
0.010783274119006519 0.03636277185957607 0.30610900177649114 0.011200479201043733 0.003517738281548323 0.2255686125320972 0.21635122472699778 0.13427541409945531 0.04909457164627544 0.0067369117575080345
0.0004428388371463896 0.00010426643209646326 0.01978789793168826 5.513538190066562e-05 0.14882160724181046 0.0006385512123658549 0.03344029801005106 0.7804666531245859 0.01512177291210049 0.0011209789162546745
0.03333816555592527 0.03129454089596033 0.34668525243434073 0.0064688932445144225 0.028945251095176185 0.04355920435506448 7.071795290638926e-05 0.2697759462431996 0.07142701118805779 0.16843501703485492
0.00533647200695029 0.030649449116903545 0.2579604313254563 0.019429857460568956 0.037717447485065385 0.2811940785761581 0.13721761231794594 0.0973951955189337 0.07990132855910466 0.05319812763291271
0.011105944870672967 0.04250734321190806 0.13147570986778961 0.06512378624613975 0.0031894175729600526 0.27743464256199496 0.08521547731386253 0.043487709296049816 0.3154632067214874 0.024996762337134798
0.007844389549574268 0.01392465462431485 0.028877917846745354 0.0017471138444326998 0.12287866503969579 0.017526294293170732 0.009745341057421707 0.6960041394221312 0.09184758488882021 0.009603899433693733
0.0015707921088505515 0.0018047280811981797 0.9191031516418241 0.003260668164026549 0.00011152925395629586 0.011025622661620351 0.0010092251307411712 0.03672590111593603 0.025329811061346404 5.857078050059294e-05
0.000788794243702208 0.26173718677072944 0.057868691389808796 0.00016894533120205866 0.0013590916110219847 0.2667570084273274 0.09729813677786679 0.23117597952602398 0.018400145273780043 0.06444602064853736
0.013767322322742514 0.06373326504887628 0.6210670009358314 0.00588009622522156 0.012713903959846288 0.07306552156191777 0.05269442880587278 0.08056967687958594 0.07635707621927577 0.00015170804082961293
0.0008796051027321569 0.027667034241901457 0.027282400536030055 0.005024933777766135 0.0001610854249468815 0.87981554084901 0.0256401434557482 0.01712937877591935 0.013704568346444533 0.0026953094895011587
0.014561689784241034 0.022809327929780847 0.5410002513021679 0.0017902707580278539 0.053342910306976 0.08259177513590424 0.01456569154636576 0.08506254921976619 0.18391797176183572 0.000357562254934486
0.0005055678605622135 0.0063721501920212835 0.8229719227096192 7.758673220985258e-05 0.009866192158595358 0.021042020455024398 0.011387326372896956 0.006385569576034758 0.12077883594978406 0.000612827993251897
0.0326138590041557 0.04429577003643686 0.14958885900152957 0.046398456612020945 0.11257366044877656 0.03300941083669714 0.1743352323756138 0.1832507041867233 0.2131500033578172 0.010784044140228766
0.002253897897648787 0.17572653418994494 0.32997736252917453 0.010094302133577229 0.025857535790932928 0.016098936467880114 0.19783087181708603 0.12626729946070764 0.11282507496274231 0.0030681847503053424
0.023687712566801078 0.07934064268891107 0.3487324481638937 0.001996388046969116 0.05919334661072037 0.05821173168075953 0.05949940057086854 0.25825512348485513 0.11107752733014546 5.678856076011229e-06
0.00261157781926905 0.05764814425975968 0.5378823491648896 0.00023483172518782487 0.2719461577887321 0.001683801295755744 0.035643505792112305 0.03465767521045082 0.052801452187467283 0.004890504756375679
0.26095750206492824 0.0007128002160719307 0.3282128082385072 0.00035515849813436026 0.000708527436142457 0.0021792868461874117 0.17264987404890397 0.08355649211364695 0.13251832093203378 0.018149229605443726
0.013326072952338213 0.020771863420547255 0.3300751905492297 1.4463297242315679e-06 0.007696470734726892 0.038016663195329155 0.0870961487718477 0.3109660066883218 0.02381828102668693 0.1682318563312481
0.0011239818804314292 0.001484987584639741 0.05274580146069204 4.0888558237705247e-05 0.2703374184318116 0.010214255178188898 0.04625395562376538 0.6144464020895173 0.0026770130825434736 0.0006752961101724359
0.00373236321741918 0.250345860634214 0.09960949046582035 3.0174253731006775e-05 0.01101215029279852 0.19624623427040047 0.12263474473586639 0.23382769674945528 0.07073433918809456 0.01182694619220043
0.0038212625380686827 0.221269807363712 0.07103899840797703 0.0003843752128675376 0.02528504201209639 0.32577673424474535 0.12309393768323712 0.13619078820243294 0.08115789676210251 0.011981157572760555
0.0036597368036890244 0.08208534308393305 0.378753078292765 0.0004749556264511729 0.03295252507782669 0.024097476176234874 0.017289522978615707 0.3943423237741253 0.06449507711584597 0.0018499610705131496
0.0022058939510136463 0.03443545819761178 0.36371942482083847 0.055903246230096605 0.009611297884222273 0.095131793192704 0.024816410635329342 0.07711597964276977 0.3049089666355987 0.03215152880981542
0.0015431647814554542 0.06749158227353344 0.03772935582014254 0.16489033672528117 0.2008682405869424 0.11073514267283927 0.024402786698413156 0.09186925841803151 0.30041730215537576 5.2829867985252716e-05
0.022960848097307907 0.027205691825337594 0.284993801100617 0.06858304541858876 0.13766226099353973 0.03244939000665751 0.10233157104954507 0.18497408715190683 0.11825847029854858 0.020580834057950775
9.263411124150327e-06 4.581541743539101e-05 0.6101732338945018 7.992521939827708e-05 0.004664407241025433 0.0002959446128500079 7.962793555138495e-05 0.0004130928513544986 0.38419376670410543 4.492271265357957e-05
0.021956580654641844 0.0037116226099644218 0.5286056135217526 2.5062690584584192e-05 0.012530925451988258 0.06221611592062359 0.149109678553633 0.1777297342099509 0.042241736875266236 0.0018729295115943597
0.05655985686630069 0.05411277888447029 0.24949112918649755 0.011850143769963095 0.010132050366650623 0.051287900681206554 0.13632833739306535 0.35854714028596474 0.06849616352400462 0.0031944990418765126
0.0050288751531398605 0.0031472671612322394 0.5685226379653877 6.254800222581071e-06 0.245308764462216 0.007158229391061106 0.0036901925330532397 0.12057023212970731 0.04647189213955736 9.565426442254614e-05
0.05416657429258515 0.003605471217857765 0.3732125857004591 0.001476916902484772 0.11184981213440803 0.07193329864489681 0.06306413098273728 0.0673664418054956 0.2025397624409153 0.050785005878160164
0.03356045395900085 0.0235497283544462 0.5442977381209478 2.992197159921647e-06 0.00017146642670970736 0.08924539504024108 0.20903867483289962 0.0775503555238532 0.006200091695397266 0.01638310384934442
0.03087324857160209 0.0028245661707103306 0.5544339189404659 0.001121155842016165 0.07159322153107284 0.001948398451016703 0.14210402977718645 0.15768862685549234 0.034903808760106556 0.0025090251003304902
0.002804878722472078 0.0038211833322403872 0.7410552199806771 6.607361445952138e-07 0.05640137002704912 0.05144835516940386 0.01574961264758872 0.10013284384525309 0.028316899167288904 0.00026897637188202163
0.004723150034378941 0.01629067225122144 0.5851290544636871 0.001768221034261701 0.06664418490287753 0.043601795440027354 0.006470483556443369 0.2238354951873337 0.05121042195520596 0.00032652117456282494
4.443191899516519e-05 0.046586103624845 0.6735933745742247 0.009480036940031656 0.00013877950669882567 0.0011080057513212162 0.007255609000611947 0.22646206279735828 0.03508741613259395 0.0002441797533194856
0.2104180763319639 0.01695451443726035 0.15555017800305812 0.015571499688874377 0.0009100647803884181 0.13358914850770262 0.23566631159224882 0.11940718931716494 0.09863852925880737 0.013294488082531192
0.04047979485700877 0.01854413812065547 0.2137152247972454 0.0157449987889063 0.019376441598510426 0.011848457005434866 0.07271455707305087 0.5415368622398837 0.06537709767547709 0.0006624278438270608
0.0025805267740723484 0.03843111497941095 0.10729870519069032 0.0044176298550296055 0.029638465968050517 0.010179116760566237 0.0020186203201376443 0.07880041667956846 0.7027624695867564 0.023872933885717124
0.042997735223706604 0.06532861441151012 0.25537789147404477 0.020706234420675346 0.07381575356338081 0.014666748939696925 0.27647387704356147 0.179755004949287 0.05937331472523524 0.011504825248901751
0.04212837359029524 0.06724486507632686 0.38610393461860965 0.05485190904678334 0.07170928162633246 0.118074150065757 0.04596571077902323 0.1927431826616844 0.0006011469363952541 0.02057744559879248
0.019083272686538522 0.019110174050012963 0.1771183382950919 0.00014561999598925048 0.26103632065660753 0.0074515535766779195 0.06999227766883885 0.057420537915257315 0.036460881106276044 0.35218102404870966
0.0013951309084527905 0.06949741115761483 0.023473806568594848 0.0011881415074192249 0.8893749899381229 2.0766546655556976e-05 0.0037183892463502357 0.010393703031575847 0.0009298267264135373 7.83436880033824e-06
0.009003696977028484 0.04634967537950695 0.30185705218605186 0.00017879376921712577 0.12149219234532305 0.039831910752268516 0.08478465428086672 0.17336982828092015 0.19269049743514277 0.030441698593674443
0.005659354711688161 0.012875117428556808 0.7664175162635078 0.00012605981302806453 0.041980189609501964 0.001667816785930839 0.00946075328200497 0.008669718204916535 0.14853751047642516 0.004605963424439594
0.0873877708217051 0.017013345189577932 0.07734646517015245 1.0806479653584215e-05 0.04542955001497917 0.3481791082220826 0.02970564809605045 0.2346574903960254 0.137525170097004 0.022744645512769338
0.03618651834168317 0.030771669880765212 0.23566791714693755 0.08607206102338222 0.02381266351249798 0.034697400571244326 0.10817160226561158 0.323522598689128 0.1197481253624045 0.0013494432063453847
0.0054471756789156054 0.3337348041501109 0.05500152627051403 2.8863380590448227e-05 0.005881057925733262 0.23815566276359396 0.1685735979384355 0.13867932952325943 0.03592064601488521 0.01857733635396177
0.1264630565283357 0.014817694037641951 0.4411198806479272 0.02118066195550544 0.008767450809143073 0.08832495315674908 0.01113694001105178 0.2353456811049327 0.052480591139631466 0.0003630906090816468
0.016932945357932976 0.011619437553427168 0.12295224735515171 1.1115937633068856e-05 0.028026235594247554 0.02563359546563836 0.10972972889449255 0.6279578575084841 0.02494654016896765 0.03219029616402482
0.02400764861238183 0.07132658258133923 0.486185905259751 0.007502498236610648 0.01126608523707058 0.00811010237837406 0.020572373362771013 0.3152841999206833 0.04114506544878856 0.014599538962229923
0.005341708982381482 0.047162683848812226 0.10570059161208455 0.0006881478102978145 0.011089666512024237 0.026587176538060607 0.06917848085208204 0.011946391732490921 0.7219652387409815 0.00033991337078468335
0.02040041769500332 0.02618006708151309 0.42822574189751583 0.00035842047740414614 0.0007415017718442539 0.04220358351109414 0.058829319389014346 0.10407023571086815 0.3168066006307862 0.0021841118349564346
0.025614462624637756 0.014780612277947785 0.10741723328561448 0.0029122972690123683 0.4804195114143003 0.007271875543473809 0.07237570594783063 0.25899402597285676 0.029893063300360803 0.00032121236396549427
0.07335141294022843 0.0005067178727520936 0.03538187234377561 1.2378006196937351e-05 0.027002226231728575 0.07242146360873125 0.47540115294588503 0.2995944589997674 0.01494177949368029 0.0013865375572545404
0.03321964991922547 0.1057781796243514 0.18522728773842595 0.00021835041963042955 0.11538920502897995 0.01575743654732047 0.12362847485663031 0.26382292996683193 0.04409820890325151 0.11286027699535248
0.02741479760884925 0.028635593577995676 0.3195759755724952 0.0019332817329376078 0.005618413403846776 0.029288363070462762 0.07714871682790216 0.4468253630367967 0.05607183950086961 0.007487655667844234
0.008755604124189794 0.0048249271182393035 0.1348939061691662 1.6200197176940626e-06 0.023844585422985093 0.004651821116634344 0.11103909746642972 0.643718946212186 0.06780674956918016 0.00046274278127172443
0.004031290500668537 0.02103104000933911 0.6285555212356625 0.050323365877733776 0.01873436026095127 0.026552641922957372 0.02001090849971587 0.03970765471201685 0.18664888965862347 0.00440432732233116
0.0011130271775384836 0.02291683645054062 0.17601891508253362 1.2909168517538675e-07 0.00042677800590389803 0.11342430802876145 0.06450523919235719 0.5604698510177727 0.06046707956162487 0.0006578363912821319
0.033170642359200087 0.06529251523054838 0.11961768843481756 0.0004276326951721498 0.1495825301464222 0.005256647242764226 0.22332191728647563 0.24161345285536998 0.1508045029983841 0.010912470750845654
0.005567764023443937 0.024222792391502372 0.5180769978092139 0.01086210371027896 0.18770160932064262 0.0453229030001022 0.021414355645697998 0.03903170416037421 0.13680858536991758 0.010991184568826223
0.0717427040422516 0.24584845186377005 0.0038313146257571793 0.041610924853280266 0.1061430462209213 0.08313729014473233 0.1671964107799259 0.20060952380347224 0.05559063843647182 0.0242896952294173
0.02276831670245883 0.05075302442088083 0.6906594096832704 0.0008686658973611745 0.06131697982282343 0.005177002762257254 0.032650044968917144 0.07318269027370626 0.05160459836965291 0.011019267098671305
0.03270019247579113 0.0255004132253899 0.09648430987640226 0.03132189765867802 0.18557312242259816 0.02564374032132085 0.2086786400022797 0.22268390944037697 0.1425909522299711 0.028822822347192075
0.04991756338675519 0.05055610244572617 0.07177204787888533 0.013466342984982397 0.014479545746040984 0.03481684469920797 0.03444052016178358 0.699652673604855 0.018668201606728187 0.01223015748503611
0.06709064592100465 0.018804810609511276 0.13505916541221377 0.0007918061372354988 0.015794446471714293 0.10420581900633895 0.17413263189952205 0.4197610519802108 0.03164903490424691 0.032710587658001826
0.22083377367543697 0.00749679610905398 0.21018002628252722 0.0018919613072635023 0.03071214504695037 0.001194278716798202 0.14464532018840634 0.3285268759918355 0.030728071382363525 0.023790751299363942
0.5840902318258873 0.019830771799030002 0.05259807926701443 0.0006275113197328584 0.015433485901913223 0.01630114061034567 0.08790417260764825 0.1350333766591237 0.08044989301136311 0.007731336997941897
0.288939376547781 0.15826817338932644 0.10351903348474273 0.00553049558147187 0.017270472918458676 0.01798168327156781 0.12759086605625702 0.182919551134134 0.08818009421756329 0.009800253398697358
0.0 0.0 0.0 0.0 0.0 0.0 0.0 0.0 0.0 0.0
0.09814193875837002 0.02588910250917913 0.15842025353216518 0.004489400394728693 0.07010450471131817 0.024697954023449032 0.13153307090759955 0.4064715508241503 0.05261126435307598 0.027640959985963744
0.09998608367021164 0.03793523826843614 0.4435095940757215 0.00011054971434792662 0.02642403407173218 0.07270850307125745 0.07401445116530277 0.09758652973336605 0.14244857773470712 0.005276438494917265
0.02194818855545528 0.005905606041637299 0.04699681274033889 0.0007202601378745902 0.015045654784980116 0.0019492529873731093 0.3966000951140653 0.2629470302862145 0.23987165291024481 0.0080154464418161
0.0593762497789178 0.009092274730376666 0.09443332878305637 0.059276947388810425 0.001005033480472398 0.20312961015007874 0.0344381304085528 0.42504501484846435 0.004283974161796523 0.10991943626947395
0.0034883421689039054 0.0044779840986152435 0.1784601753615214 0.05155529146774242 0.3959829884352821 0.00010169815343972355 0.2430027273000064 0.044775988855208865 0.0744691924018996 0.003685611757380438
0.07080848480034785 0.013936677849060471 0.1544457926803673 4.65390440930347e-05 0.04926656166722487 0.011495934080921031 0.3855074759366892 0.28171650289987415 0.023666452811563415 0.009109578229858677
0.041647235917290706 0.0045522407544497535 0.10111602386295311 2.4425066857271468e-06 0.02964379992591843 0.01837479531614267 0.152306167698246 0.6327432485328699 0.010490471818020862 0.00912357366742286
0.009322955363137353 0.028273570010549278 0.06949654648701625 3.193033857826999e-06 0.017284402101302648 0.02864327096548922 0.1480417942367059 0.6674272132577577 0.0006064518760223853 0.03090060266816152
0.03868408644513903 0.06576134698063983 0.4597856886002466 0.018388938718683308 0.04130643156725983 0.007628249404046169 0.10778095552787567 0.07297158852176304 0.1457643466688531 0.04192836756549348
0.06848225724746819 0.007453789624000918 0.20420542378426024 0.035027688725553834 0.04446189099366122 0.11207485451380185 0.11912804272389133 0.20846475290520053 0.19040170117818214 0.010299598303979729
0.24889157929451933 0.02033555970929587 0.07112620013493827 0.0026618651306709166 0.09292033419950707 7.084603552851336e-05 0.2793007239323872 0.23580113902698055 0.04695762831834374 0.0019341242178285256
0.04272407547945343 0.01705316928973193 0.08306137814239532 4.578654419562095e-06 0.02271593289693149 0.017651680823164883 0.3817216783298282 0.42406245790113656 0.0016733070146564826 0.00933174146828244
0.009052048183232842 0.00036575223012597546 0.014298179003501594 0.0007275539894728918 0.08129332061245959 0.0037401694439507392 0.6261786023606297 0.2600751959910253 0.0021217560303394703 0.0021474221552619044
0.09905982077182413 0.020618882771334928 0.1442812046188997 0.023629299635873523 0.10171899236548046 0.042409135194361174 0.2375563088568351 0.24650891005850956 0.06854155997049345 0.01567588575638799
0.0037270147924087942 0.09526275398487173 0.2139219091290651 0.020962792526044677 0.1926207378370981 0.0226627021896126 0.2698383737634386 0.10392332243585828 0.04717971333879705 0.02990068000280501
0.13965219457262706 0.011848441546581105 0.3309308221858671 0.0022212405115613143 0.04042749613542729 0.002713811317819378 0.11789341637107534 0.3201636564982363 0.02686283417328566 0.007286086687519477
0.00854240631042384 0.0690069438556791 0.038806551564394706 0.0006014143347485263 0.00019004635468173174 0.06339832420530608 0.3096074665617209 0.470219126293601 0.00838297475652773 0.031244745762916328
0.017155826938696304 0.03436797287445014 0.03293676527802771 0.005204128668488944 0.0010196456102251426 0.026137519538538708 0.30263636877761974 0.42818559948056373 0.09913081771177615 0.05322535512161344
0.035332344633733165 6.498015131642925e-05 0.001513462876287592 3.967701685314104e-06 0.00012617475184599884 3.4590902054088454e-05 0.14921483075850156 0.8088661703148652 0.004764694008374611 7.878390133613276e-05
0.04605078763983597 0.005453882779496913 0.024493214289820417 0.006861570454614977 0.11681650859253707 0.02067768340586979 0.1780230212101757 0.5684188219948272 0.01598669869505985 0.017217810937762208
0.06245428865506213 0.035611416059259604 0.29755997384058375 0.09855150929518862 0.005588250457428301 0.041091317708344795 0.13435979699688047 0.2782368183667065 0.04441292982893498 0.0021336987916107477
0.04115514807496742 0.0028203063485410557 0.20553648575421926 0.14855086168351345 0.03572063468004248 0.007410108662548483 0.14716270102569776 0.13065464337020347 0.233684954262016 0.04730415613825069
0.1633060752278123 9.71101733467761e-05 0.12375628382776879 3.1204662517912708e-06 0.00019493952251847972 1.5168066816210828e-05 0.20029548723809035 0.5064780162985177 0.0024167803382031724 0.0034370188406745343
0.04356022410312623 0.010641611986699426 0.14840160381232972 0.00046607466849655593 0.1042889725158827 0.0035859425037594256 0.3886655874648622 0.19983107308272316 0.08713980598855361 0.013419103873567088
0.044265993955642506 0.019641971738405335 0.230520707169263 0.04070648318698362 0.0019528114682889949 0.1673036294839253 0.10332503470936102 0.10927525705162507 0.27005115041957023 0.01295696081693482
0.33870098724448916 0.08356304470614877 0.13208988565392607 0.011430114687110795 0.25093576462523404 0.03770119494558835 0.04662875815571984 0.056805028755921146 0.03743368717808268 0.0047115340477792015
0.44458317811224335 7.238263181566124e-06 0.04535928955323368 9.93186496055623e-06 0.040642836418382074 2.253721937772246e-06 0.1879088276720408 0.2813448619617165 4.190050313400814e-05 9.968192916962767e-05
0.11653887299401029 0.09882120924635893 0.18730235542870055 0.02452447277223463 0.03426799674049095 0.08538799136497918 0.11381626696363245 0.28271389539583497 0.025059456504806746 0.031567482588951264
0.08234224992286475 0.25505262090157843 0.0760266323662897 9.946480134459922e-05 0.002211822665536571 0.005670683506944692 0.16354009324229496 0.3549408498156961 0.05636496867172247 0.003750614105727814
0.2906091443856471 0.1171879010670611 0.18639350744880753 0.010968309706394739 0.06730058104316414 2.606004499823124e-06 0.08126042470413783 0.18446326415830133 0.028677142449753817 0.03313711903223255
