0.6853391262667261 0.24110783681511963 0.0514673879599274 0.022085648958226723
0.12984022729979658 0.1213315285623361 0.6993268636304745 0.049501380507393396
0.6411454639836585 0.08988209280680506 0.17782269246449456 0.09114975074504189
0.4225294010362984 0.16081400623133965 0.36455508037592627 0.0521015123564352
0.09983408909965788 0.11830377975199385 0.7499289538848095 0.03193317726353918
0.452567943214319 0.12723182070429967 0.374661401474374 0.045538834607007264
0.775793209187045 0.0009533918328427461 0.22283647569354711 0.00041692328656503926
0.4178693505660288 0.14658775635197882 0.31205383199080944 0.12348906109118289
0.3124957815294143 0.46689143378884945 0.20453811177106992 0.016074672910666266
0.7883651826508898 0.11289631268301888 0.03391015904573726 0.06482834562035407
0.5222237065133433 0.15898613297258055 0.3080854991475251 0.010704661366551007
0.2856358512478322 0.5883879450595798 0.0035917586133513697 0.12238444507923668
0.7432868984826868 0.09215662243626269 0.08126303348614342 0.08329344559490702
0.8603303911988108 0.12402655648911762 0.01118857503717672 0.004454477274894866
0.9360243916743034 0.03109374652507616 0.013838197388299145 0.019043664412321346
0.31724149169250243 0.5598047272610088 0.09999375213988222 0.022960028906606526
0.3125490300298672 0.5375835048308719 0.0975308011914405 0.05233666394782033
0.7039088371775513 0.08821373607196832 0.1928921576152094 0.01498526913527103
0.7376035248232994 0.09188164460232064 0.10030642029232437 0.07020841028205568
0.9524349773192344 0.016853996332721447 0.028033337288737352 0.0026776890593066577
0.5583812041502395 0.12290125834550836 0.15678865246284013 0.16192888504141215
0.5785185463084397 0.13369185491868213 0.014950720332613033 0.27283887844026505
0.41387431908582734 0.1002459827409095 0.14678719521498554 0.33909250295827764
0.8932754731486052 0.050123419911348235 0.019242609970719936 0.037358496969326756
0.8900156295918337 0.049628075548936064 0.018240590457121324 0.042115704402108975
0.9122658457642098 0.006935133155862206 0.07422802288587832 0.006570998194049679
0.3910782340926256 0.13985233065515773 0.42651626601040604 0.042553169241810705
0.8028919562020417 0.057011587485167645 0.020069505399929213 0.12002695091286157
0.7444799612713736 0.10200985145016306 0.0023816743436179304 0.15112851293484533
0.9535615220152247 0.04388060443527218 0.00027869413873610476 0.0022791794107669718
0.7880142124155484 0.0788548468314446 0.03984857227210883 0.093282368480898
0.3131029704355678 0.14511521764873758 0.05404798192609317 0.48773382998960146
0.26239723096150397 0.27921215730559634 0.3204553528317905 0.1379352589011092
0.34626371290637364 0.0005448385107430074 0.6493807096378164 0.0038107389450670335
0.3978032602361549 0.32852758917694375 0.1132808961236464 0.16038825446325475
0.8881983211290537 0.038718708635053424 0.02015586900421557 0.05292710123167725
0.6048469786228646 0.06042876375632547 0.12306947702048895 0.21165478060032097
0.46367864489488875 0.42324639629191935 0.00394906362561263 0.10912589518757923
0.4779119069138278 0.01362076126310378 0.5037201640049234 0.004747167818144939
0.14359042644481154 0.47560561059846057 0.29491248407858445 0.0858914788781431
0.19043582843233808 0.6202787926039938 0.07379201871983308 0.1154933602438353
0.6527657711218909 0.28484528830759287 0.0068174272498409075 0.05557151332067524
0.8976465202385217 0.02200699134474822 0.011995452867901107 0.0683510355488292
0.9225370179410426 0.023075798622413 0.0038448029458273258 0.05054238049071706
0.9028957038601083 0.030053813013949774 0.0021932354841424817 0.06485724764179926
0.7407016692086019 0.17789939309793878 0.010333221536720916 0.07106571615673851
0.9080121446022036 0.06497466522126576 0.01565773454132495 0.011355455635206013
0.1592391354159539 0.15922147191897293 0.26321970003603196 0.418319692629041
0.11436770487614784 0.059228701140699475 0.7176815131984744 0.10872208078467753
0.8480519265566548 0.04388414695969459 0.04092557615863795 0.0671383503250125
0.9432354798319718 0.0272946890092982 0.0060783069193639395 0.02339152423936613
0.8324453529670354 0.08225732091909783 0.008206551871130162 0.07709077424273678
0.4710353997662911 0.2548977367365684 0.13951624545061075 0.13455061804652954
0.5797214839671039 0.2074256164350099 0.0722158900484012 0.14063700954948466
0.7493723527078643 0.11544148423254198 0.0317549124867066 0.103431250572887
0.7161012381754632 0.05468321191235535 0.05845959451062098 0.17075595540156083
0.9552958230568076 0.03442401123592319 0.009372692371747772 0.0009074733355215155
0.9552958230568076 0.03442401123592319 0.009372692371747772 0.0009074733355215155
0.5763088228303728 0.19138382387910138 0.019330655334140683 0.21297669795638532
0.4307724231123651 0.28003830445207534 0.08921178735489603 0.19997748508066354
0.12805396915683534 0.7145501848216216 0.012794297446653424 0.1446015485748896
0.9054103078790102 0.06158275563730114 0.011473191688314562 0.02153374479537401
0.9824814397683923 0.015538561953326667 0.0009391949235251647 0.0010408033547557585
0.5965594786145489 0.33950922296982 0.027495970297658705 0.03643532811797232
0.24563394123680743 0.06665750149809489 0.681773562166226 0.005934995098871722
0.7236361048123174 0.00023008754854201725 0.27603277339721605 0.00010103424192435338
0.9624083379618837 0.00010703660590600234 0.03743781775882792 4.680767338234381e-05
0.7255028553007857 0.14567459419021248 0.034336941750768256 0.09448560875823363
0.22870549382874744 0.5446741533655484 0.008488346656652372 0.21813200614905168
0.21739841241093535 0.7250831030769255 0.0029087030869265093 0.054609781425212646
0.3275784720367782 0.3064671946273107 0.13568334713615351 0.2302709861997575
0.6971885664099937 0.2538090128449018 0.03333086342647823 0.015671557318626173
0.0013687137001625327 0.0003380914011674255 0.9981453457423438 0.00014784915632621329
0.13422216354888758 0.6687719358010589 0.048293247456712894 0.14871265319334057
0.3455616141756186 0.18432414136848416 0.014463259201852546 0.4556509852540446
0.5325284013244249 0.08934931034340876 0.2953569707412498 0.08276531759091675
0.6240468317198853 0.16797067791338158 0.0663846975113686 0.14159779285536483
0.9398802631739016 0.014306377911359606 0.009005554565396586 0.03680780434934225
0.21340920933892818 0.2693321073341255 0.3107152612100484 0.20654342211689786
0.5422149080420864 0.21154497943400472 0.11271609231043239 0.1335240202134765
0.4285064814004498 0.4285010316088632 0.11551989880950432 0.02747258818118255
0.050622043180271296 0.6937891413781673 0.00065218396066277 0.2549366314808986
0.10394310971379919 0.8079219095825063 0.0020576316977474005 0.08607734900594671
0.16895425658544683 0.37655889373121865 0.24711568575320572 0.2073711639301289
0.6625103530878992 0.11988310508168314 0.024452598545909008 0.19315394328450883
0.8476582753041417 0.10691141052410497 0.036870631615049484 0.008559682556703824
0.2148223886596163 0.3073080647013665 0.0449589996890729 0.4329105469499442
0.07511454557806689 0.64084666966024 0.24548896714525612 0.03854981761643714
0.8353714437252888 0.022246107547785637 0.004995732736659185 0.13738671599026628
0.7950216754873634 0.07353353251832999 0.09933059961885499 0.03211419237545161
0.04756975091476564 0.8073576832206796 0.0724148625043063 0.07265770336024864
0.05747054939255991 0.9031471674802234 0.02676196314212653 0.012620319985089442
0.4466011095502125 0.4465154512987191 0.05598368601364631 0.050899753137422066
0.5165165952978591 0.21198999307290864 0.04886481904964871 0.22262859257958353
0.047795602727094134 0.827707541490486 7.434792002093594e-05 0.124422507862399
0.323668793875681 0.5654091322645793 0.000316031262117884 0.11060604259762173
0.06948683564316077 0.7496214408178962 0.017389720599951936 0.1635020029389911
0.08862904701916581 0.6898978828577755 0.015894921904085285 0.20557814821897327
0.1951909810836958 0.549700119047713 0.01934084142709964 0.23576805844149146
0.1292599643580273 0.6862046941593006 0.027291410702115278 0.15724393078055715
0.06998887254577406 0.709823698608677 0.00016509585173169616 0.2200223329938172
0.03146473542595255 0.7958368448791545 0.0003899376840129548 0.17230848201087978
0.14468060881573455 0.4810240771028223 0.005208085888305459 0.3690872281931378
0.28418098684211385 0.676974542934042 0.0068972415738514144 0.03194722864999276
0.5663994166858699 0.3079864173627327 0.0009686970428950058 0.12464546890850234
0.06977967391567187 0.37751236392282683 0.009895847572751111 0.5428121145887501
0.06810319432418407 0.5012364164732264 0.055946024833453664 0.37471436436913597
0.06684576803507995 0.44205997740955666 0.06878871382512743 0.42230554073023596
0.09587572701561924 0.7680110115950184 0.023887051557628096 0.11222620983173429
0.3518003955630638 0.5252298750247497 0.020239533412087993 0.10273019600009854
0.09219809019914552 0.7246043717508467 0.10578035345391193 0.07741718459609583
0.17568377540178234 0.27147285486213796 0.0011314251463197197 0.5517119445897596
0.2894563261645083 0.3594202126416387 0.09890562512620805 0.252217836067645
0.012468443168478373 0.8569742602808832 0.04541274685527053 0.08514454969536783
0.12251975073284019 0.4981661495050265 0.22024369778192027 0.15907040198021313
0.29271173613031076 0.6375378210641272 0.00495975993394707 0.06479068287161491
0.3938847416646914 0.15580954298950714 0.016588282766539 0.4337174325792625
0.1114572057307819 0.5876869528849473 0.007553400879234674 0.2933024405050363
0.027721145043929068 0.4816202817544044 0.042412424150592945 0.4482461490510734
0.030916616580743336 0.8407231688825627 0.07017527411088167 0.05818494042581269
0.06483648436008821 0.6785543428980858 0.03491815974529073 0.22169101299653535
0.2299565151420131 0.6925305874267651 0.010724815933478175 0.06678808149774336
0.1696272390091428 0.5000408575492742 0.06122435736947785 0.2691075460721051
0.01727694242394873 0.904860602148199 0.02233183300879174 0.055530622419060476
0.0971494518473582 0.7923588017391379 0.03650199545606671 0.07398975095743719
0.05733557879965413 0.7095807294222574 0.0523786906701578 0.18070500110793028
0.028450120297318846 0.928204881831621 9.703944190235389e-05 0.0432479584291578
0.21746243523422004 0.5271041404176818 0.0007193358828477028 0.2547140884652504
0.01903978554751304 0.5147018001031516 0.13310705102900786 0.3331513633203276
0.10331549926132744 0.8202393062246256 0.020778325752269972 0.055666868761777163
0.05444222444797233 0.802869651645447 0.057211444885231215 0.0854766790213492
0.14854181048954443 0.7614462270828815 0.0003563352316898302 0.08965562719588438
0.03873320694393811 0.7065413350713534 0.12209710700323109 0.13262835098147746
0.08982286897820162 0.7738669165778371 0.033363639323083824 0.10294657512087746
0.022650917052505853 0.7226040167948248 0.11734196521095018 0.1374031009417192
0.2697872015437756 0.7019489426497755 0.0001249347761217233 0.02813892103032729
0.16076229385777085 0.734790297602335 0.001338134069787195 0.10310927447010695
0.13084413079191384 0.4689060076349537 0.036995238838968304 0.36325462273416415
0.10099050343231872 0.695364860800031 0.015101604478271597 0.18854303128937863
0.023732999557140793 0.7861005756296674 0.010416247871432329 0.17975017694175938
0.26751147386206897 0.6434744810426642 0.016044867303769035 0.07296917779149778
0.3103548290248186 0.39824365452498733 0.07061874911179428 0.2207827673383996
0.07343555762250013 0.807458185718457 0.006640963346684093 0.1124652933123592
0.2015904783307332 0.4833037509024608 0.012240606318358303 0.3028651644484475
0.07255145443787818 0.7511194536592196 0.07373959500523007 0.10258949689767215
0.3738612507281826 0.37380988240951285 0.0007053196264074835 0.2516235472358971
0.06290436840391957 0.2791470099119057 0.0001518934323192033 0.6577967282518554
0.09881898116963075 0.4399112165900147 0.00798216190073895 0.4532876403396157
0.009260817516062657 0.9238842771463627 0.04230740024898929 0.02454750508858535
0.041169713409909985 0.894234917223886 0.04113676958444255 0.02345859978176168
0.002153810657833218 0.9387612454102351 0.03147447690705759 0.027610467024874144
0.04506229989341843 0.886287947731949 0.0034931465119929016 0.06515660586263947
0.2123018264753385 0.6562608020858417 0.02720123133108251 0.10423614010773734
0.05394480517487111 0.7913078390194114 0.01888186979692578 0.13586548600879148
0.1780321993342882 0.7112692529592348 0.06535445359336982 0.04534409411310699
0.07086492130324049 0.8347341580263774 0.032234849561865356 0.062166071108516754
0.05006560510922723 0.7839601795370447 0.008252322413764222 0.1577218929399639
0.16999201503646919 0.17090898626624842 0.016029583625779806 0.643069415071503
0.1579357879940145 0.48795999381226096 0.043554454477671076 0.31054976371605353
0.014681811797148824 0.23232144687792697 0.23149326786911853 0.5215034734558057
0.04837459673463219 0.8728083638857171 0.014529501316543575 0.06428753806310704
0.1906911938986983 0.4426603488034252 0.10008409886602411 0.26656435843185233
0.35407139916023295 0.35874142851290836 0.10278919618746257 0.1843979761393963
0.027867673429997797 0.8809281415983732 0.04479431607454736 0.04640986889708158
0.1502166945932603 0.560545446394443 0.0048622164921057354 0.284375642520191
0.28767393886274367 0.5125253688529009 0.0018944212119348944 0.19790627107242048
0.12463746579658028 0.5422759566742092 3.077570799308874e-06 0.3330834999584112
0.058309736685658885 0.7111337081447704 0.059531264524071224 0.1710252906454996
0.014151687231398234 0.8599497218939209 0.0008487662289868585 0.12504982464569397
0.05874472940154885 0.6602500896364366 0.026240015966087812 0.2547651649959267
0.13130512015666718 0.7446024072590037 0.029633912440705665 0.0944585601436233
0.019020788975986316 0.8045731776185159 0.0017306331962712491 0.17467540020922667
0.03835810279737531 0.804678214400601 0.07628177383603538 0.08068190896598887
0.6122792871042193 0.25978444092119674 0.06397778275457607 0.06395848922000773
0.017828428858133703 0.9472500194846485 0.0009979950874199736 0.03392355656979788
0.8242023001633544 0.041940052939934296 0.11183072686469596 0.022026920032015524
0.10099712193514362 0.7848384078846675 0.02499252838647586 0.08917194179371309
0.10445457653187945 0.5199189232573918 0.1090645776956005 0.26656192251512834
0.033728532599043085 0.7745181874141099 0.07089936263299776 0.12085391735384952
0.12040297560915053 0.38619275654737556 0.44605076973819646 0.047353498105277475
0.07294398095725846 0.376782580313554 0.0138104760748583 0.5364629626543294
0.01535774780037682 0.909485349262634 0.06431265681140927 0.010844246125578855
0.14975102782570038 0.17842086609854615 0.012891624897801124 0.6589364811779531
0.06865358869579989 0.7007122462557875 0.030938540467774917 0.19969562458063755
0.11184986653946973 0.6046140677756981 0.0742794789666044 0.2092565867182278
0.015313196960224101 0.6137749124222683 2.3364136951100907e-05 0.37088852648055665
0.07010059686125929 0.8579540887706512 0.04118993952775216 0.030755374840337663
0.2727898745958728 0.3023728760245243 0.13611052280966598 0.28872672656993686
0.07910448955444115 0.3314836366500083 0.0011321495170081076 0.5882797242785425
0.11853394681267837 0.4951691635842533 0.03076827967893359 0.355528609924135
0.10157843133696037 0.3735167534701175 0.008622197450448748 0.5162826177424733
0.28781742051661185 0.5115494281766984 0.03302497913094068 0.1676081721757493
0.2521775433613671 0.33250038205766275 0.340020108191359 0.07530196638961101
0.05544898162238165 0.15649813070385804 0.7067763553270843 0.08127653234667621
0.09349016523352349 0.0766948664237687 0.8023888359270287 0.027426132415678667
0.8203375479855465 0.06205526474902544 0.03398232811911514 0.08362485914631258
0.2966480392813089 0.4142003880098105 0.14608982854654903 0.14306174416233125
0.014094324505794446 0.005193278054080265 0.975757139906918 0.004955257533206814
0.8772042527892379 0.01790421818641315 0.09732744681900715 0.00756408220534183
0.6204860132763441 0.11571459694293533 0.13785376897710222 0.12594562080361807
0.2429297401081584 0.03192297941997582 0.6406544685724573 0.08449281189940847
0.62087616197862 0.1843844899675136 0.07584848245100222 0.11889086560286416
0.8825068127345843 0.019518676277881647 0.038415659043285144 0.05955885194424887
0.2440548946324211 0.16610455072321356 0.40176700042169494 0.1880735542226704
0.3526223618867791 0.18669447564308012 0.33158941751327353 0.12909374495686718
0.3514042548441452 0.06603849792176116 0.16014350528749072 0.42241374194660286
0.43348067968656107 0.10705143028192507 0.3409010963971562 0.11856679363435745
0.41808655726814314 0.3198324940090766 0.18615582894956823 0.0759251197732118
0.7972384477998729 0.047687915925061865 0.05954303161136339 0.09553060466370217
0.8155649838499511 0.025408076332277887 0.11293031695099784 0.04609662286677308
0.21024750862303326 0.08122304402737801 0.5986062194621634 0.10992322788742545
0.2746209345158207 0.5715438984482244 0.035556500823961563 0.11827866621199325
0.7804716760070303 0.05424797967064444 0.16292154302056092 0.0023588013017647818
0.802526722173953 0.08214657812025955 0.06815795237702596 0.04716874732876173
0.019523917921655483 0.03192181784069471 0.9151813814893106 0.03337288274833895
0.2687157085500117 0.15999830200410267 0.4101913618634759 0.1610946275824099
0.7642943434008773 0.07016688284584745 0.13745948705253236 0.02807928670074292
0.9154772758907395 0.02721689144810256 0.03552422856705072 0.021781604094107055
0.733407469373374 0.10604511494570297 0.033100765678163474 0.12744665000275937
0.42631648788901044 0.13425018592222976 0.2569547745477245 0.18247855164103535
0.6262358076264937 0.15801960772221482 0.08394029058975269 0.1318042940615392
0.7334562559129687 0.014249318655092798 0.16694867959736404 0.0853457458345743
0.46759927738995133 0.15487908435075437 0.25232546214585083 0.1251961761134435
0.6773269477136641 0.055113770602330484 0.22238046572186032 0.04517881596214492
0.23371396498560731 0.01643515233696619 0.7118131308202092 0.038037751857217306
0.8740949940365915 0.02014297933214646 0.07036075513482719 0.03540127149643467
0.7961194351173809 0.10387460931028865 0.02341091890583399 0.07659503666649668
0.7048785183878494 0.17279370433903693 0.01985342466242909 0.10247435261068462
0.7676566293177454 0.053623093765828876 0.07872314585788319 0.09999713105854251
0.32963045327853613 0.13136909134900063 0.47446617763650256 0.06453427773596082
0.41193926161222927 0.5049971391834708 0.07550180965298504 0.007561789551314801
0.7166656241790296 0.14749247160483162 0.03956647518952132 0.09627542902661763
0.4178469710325778 0.31693944141122865 0.03022966391654599 0.23498392363964749
0.7293449814351279 0.13060690929482197 0.07487877948508129 0.06516932978496921
0.7584978365581 0.16439126022272793 0.010759108367859453 0.06635179485131275
0.653508780642018 0.17580691113122823 0.09298867492075001 0.07769563330600371
0.6884960982787414 0.09177542721173819 0.19337329867428762 0.026355175835232853
0.7801666042657006 0.03746054624305504 0.011612212362471093 0.17076063712877246
0.43363583528115074 0.06640957444848823 0.12585101160663453 0.3741035786637267
0.8837149586710985 0.0609786423059756 0.019047314699619653 0.03625908432330624
0.6254539997636527 0.2539447903853892 0.09900681171397321 0.021594398136984945
0.8615377542086134 0.06197430233514558 0.05703363622354378 0.01945430723269703
0.49407381247012505 0.057506738630580215 0.2753176646275308 0.17310178427176406
0.186654788505664 0.10879480098410683 0.4897938617120725 0.2147565487981568
0.6492123518575023 0.035964918936269054 0.3076986571974553 0.007124072008773307
0.43889798774388894 0.015050167419498613 0.5378905399401341 0.008161304896478289
0.8913464321276667 0.035575850437984724 0.05897382991500297 0.014103887519345394
0.6340506311808808 0.048824325663606394 0.07611250688943748 0.24101253626607536
0.3707508755852177 0.012159932918031476 0.4846226907984238 0.13246650069832708
0.23977835884725104 0.11559777687194982 0.07573710650366712 0.5688867577771322
0.4902580866956929 0.1675833369581388 0.04217965490084782 0.2999789214453205
0.4545680170796154 0.03241342217260255 0.5022183191369782 0.01080024161080363
0.7704560866723063 0.054361264609188026 0.01788507048487112 0.15729757823363494
0.42418181282847206 0.09920101307002485 0.3183769640441321 0.15824021005737096
0.4511103080725137 0.3631688966850992 0.05410120790992773 0.13161958733245965
0.8417514384429193 0.09843246581035066 0.043252071161461146 0.01656402458526815
0.8922101626420346 0.015084163843753629 0.042918596653205625 0.04978707686100582
0.056478089538407904 0.2409841732933747 0.5783584667758767 0.12417927039234054
0.2153526334572329 0.30853057189596955 0.36481888971396736 0.11129790493283005
0.06927867024224496 0.18785873520941548 0.6583467563418957 0.08451583820644401
0.043677716224408074 0.16187142519519077 0.7252717369170014 0.06917912166339961
0.1158552365240758 0.199244952979273 0.590011476266546 0.09488833423010505
0.39205381325750327 0.35918781698757624 0.12440325478991368 0.12435511496500687
0.22374914730747478 0.15445931034667773 0.5518516457379352 0.06993989660791232
0.14950816082767127 0.6912283437128958 0.14096234212074618 0.01830115333868718
0.4316024133627558 0.061596872711352356 0.43970401863327685 0.06709669529261508
0.9105937709342249 0.033564979114258986 0.015840794639720525 0.04000045531179556
0.08959342219492397 0.12095248837522848 0.7229014065986465 0.06655268283120065
0.02925902980899854 0.07686178471056479 0.8879187974896868 0.005960387990750327
0.06092380263824931 0.016688015284642668 0.9061999977544347 0.01618818432267319
0.07198252423230851 0.020210123491987635 0.887177225955749 0.020630126319954215
0.009890332929333346 0.00799114145268836 0.981720687471581 0.00039783814639725935
0.013418594727009188 0.020009896089372203 0.9593980843584538 0.007173424825164136
0.015164650831686704 0.0030171089709430257 0.9736498821567036 0.00816835804066639
0.02534524081880144 0.04115395185977005 0.9299251203635612 0.003575686957867405
0.8930070721477469 0.018736802900498017 0.08397077006871759 0.004285354883037479
0.07311201869758858 0.06678543420999178 0.8189855840761685 0.04111696301625092
0.27989205799489764 0.41077835125824735 0.18411473036782056 0.12521486037903448
0.01830625900055482 0.07751340224290516 0.8459233378711608 0.058257000885379794
0.03988037937292554 0.013694862014751672 0.9429109758531132 0.003513782759209088
0.703868518490778 0.20944911357190657 0.015381395987429713 0.07130097194988601
0.7676203466004473 0.143935987796237 0.04985375308291744 0.03858991252039812
0.17751782031827804 0.07768774728384253 0.633974829732208 0.11081960266567117
0.3131833996926478 0.3298451942551461 0.19860133829043786 0.15837006776176832
0.49534228901203303 0.05992221238448802 0.3714006958953745 0.07333480270810433
0.24104064533426586 0.021667765896883514 0.02555220697486747 0.7117393817939832
0.07572392915623671 0.4779484840095795 0.07107165151183567 0.37525593532234836
0.03547942401385906 0.19821305129786557 0.04670069605990955 0.7196068286283657
0.4631622697487611 0.1674011026405312 0.020444367914592188 0.3489922596961156
0.211096165131818 0.3591075670592367 0.1291018942291382 0.3006943735798071
0.1743521589905237 0.3563109357049142 0.017942826042624555 0.45139407926193764
0.003838011099665101 0.46111573327409316 0.005044805570388308 0.5300014500558536
0.044947714860629824 0.12744250816993336 0.026382138776566852 0.8012276381928708
0.04872538651222366 0.03796094263503757 0.06062089482344278 0.8526927760292959
0.4278563531069981 0.13723458120624357 0.18222233257820494 0.2526867331085534
0.08266066687503733 0.4802469050786908 0.04550282216901125 0.39158960587726066
0.12153905465838605 0.14757306444223756 0.003033677779282517 0.727854203120094
0.09802354430530057 0.04155752807277442 0.0004437481026540396 0.8599751795192709
0.1390973444012242 0.271370204926112 0.12021081847678518 0.46932163219587864
0.24128765616902353 0.4765491141462326 0.00037940840828627097 0.2817838212764576
0.045019862348319784 0.2441133860717545 0.07528495607240136 0.635581795507525
0.14181182035838172 0.5486079272399312 0.04205159702514699 0.2675286553765399
0.050522807014619885 0.40957829560365927 8.884009085193739e-05 0.5398100572908691
0.040182632873611686 0.02362084363818554 0.019132740255138805 0.9170637832330638
0.1937919741786705 0.02486948398629038 0.03661425195819401 0.7447242898768451
0.09520168129575107 0.3441885879638366 0.10231563681644545 0.45829409392396686
0.10929458761415824 0.22654335499430467 0.07361041760029301 0.5905516397912438
0.1294808069874725 0.11533456012225951 0.008015140880712344 0.7471694920095554
0.09290813363346297 0.01897747810343394 1.425958904314348e-07 0.8881142456672126
0.6760255540393426 0.08592226128662106 0.008527169898527974 0.229525014775509
0.11692000072588639 0.07712556006713815 0.0006545455919580938 0.8052998936150173
0.10988275323690568 0.09340530215110293 0.030446997506650773 0.7662649471053404
0.07507138194527652 0.1875775720375034 0.07963375420601086 0.6577172918112092
0.02902155869429873 0.09156953175409448 0.03827936139601246 0.8411295481555947
0.02498598892042275 0.005262233632632524 0.0007032587473651969 0.9690485186995796
9.015019876136483e-05 9.425229885911727e-05 0.049980819630849736 0.9498347778715298
0.08428954640380629 0.24691267124620586 1.6422982343414214e-05 0.6687813593676446
0.1738870631571369 0.30782448826887115 3.998988803450594e-05 0.5182484586859575
0.15938264877679234 0.039919915519895474 0.010025444268775871 0.7906719914345364
0.04270705313552528 0.20089908245841576 9.433511135326509e-07 0.7563929210549454
0.1821802908625815 0.1484614740364316 0.0072647205147963675 0.6620935145861905
0.4811036804463984 0.07704331257921623 0.017414954654434264 0.42443805231995113
0.05562606956396486 0.08654412051878307 0.00011385611260846239 0.8577159538046436
0.3048027736491529 0.038137615631092386 0.013100399660902179 0.6439592110588523
0.10087228807125294 0.17630597836354042 0.07780040980387158 0.6450213237613351
0.08669322445207617 0.3478561283385679 0.0038262426109352105 0.561624404598421
0.09135744382174388 0.16713002853144168 0.04140402696652012 0.7001085006802943
0.2935658106888333 0.07614503705658203 0.07472779018152736 0.5555613620730573
0.27024704524530885 0.014937783130691022 7.249874491400829e-06 0.7148079217495087
0.6582619556319922 0.03610191751114248 0.0028381161858429278 0.3027980106710224
0.22769850067832967 0.09657259563912111 0.024004830323066717 0.6517240733594828
0.0010430728135943416 0.5068926433707309 0.1330075781055053 0.3590567057101695
0.16352691603365083 0.3381759796180332 0.12870544211179333 0.36959166223652257
0.3529037158569879 0.08040200535936848 0.029569655046132123 0.5371246237375114
0.030908604399054795 0.09399711950806916 0.0591401338889172 0.815954142203959
0.02244283661396339 0.004562972588075188 0.02458502238131529 0.9484091684166461
0.04522832632832211 0.19489091965006797 0.047442301765846295 0.7124384522557635
0.0015578534101725065 0.0486698452414593 0.030040952662762372 0.9197313486856062
0.0179980614834431 0.1098573580266046 0.001584686404910856 0.8705598940850415
0.04752655131802526 0.10933101516188637 0.010144622526802934 0.8329978109932854
0.049824248550378876 0.0003730033665182555 0.0036359669074376567 0.9461667811756653
0.01335117414211439 0.08170846862329374 0.03896518175904347 0.8659751754755484
0.26803305816439893 0.44391202108674477 0.020394962030693672 0.2676599587181626
0.18601769901883985 0.03772332171922055 0.002052139416874685 0.7742068398450649
0.136124580238775 0.04906568705821578 0.022943809057446852 0.7918659236455633
0.03824556302072367 0.10162129761641749 0.030958644801058664 0.8291744945618
0.2556635929371466 0.17235448453975954 0.031338604571943894 0.5406433179511501
0.015070646819963993 0.008598455792627102 0.029373611651226303 0.946957285736183
0.3522019130326526 0.1912808659528924 0.005469782372877015 0.451047438641578
0.016250852140572713 0.0672260741305658 9.274015149083095e-06 0.9165137997137124
0.0017683344871968132 0.010117662292583094 0.013798098701715462 0.9743159045185047
0.015186055774340115 0.0487299621710844 7.118773418855706e-05 0.9360127943203869
0.010681317149204828 0.06200649540778048 0.00020477943630002344 0.9271074080067147
0.0764631202158755 0.029258576694128336 0.033611891475847006 0.8606664116141495
0.05545562568651985 0.07794285012580356 0.00659078718379981 0.8600107370038769
0.10615274997451357 0.1582059782289345 0.208612572946215 0.5270286988503369
0.3674117892697845 0.05688420186939775 0.07542330700604369 0.5002807018547742
0.04797655091852695 0.04100821233888488 6.099873501512348e-05 0.910954238007573
0.1982680816974551 0.034245853862578335 0.05459776134673171 0.712888303093235
0.06712992403684832 0.3369143543468129 0.0715885614926388 0.5243671601237
0.34703989415021336 0.009762060090598419 0.13028336235360197 0.5129146834055863
0.12945774876322075 0.36745993731853155 0.045484681918845166 0.45759763199940234
0.26394519103982433 0.2716825453814035 0.009435255739359336 0.4549370078394127
0.3358241619387443 0.09495026391525874 0.0009484394129888522 0.568277134733008
0.024502778396396675 0.0190237912246838 0.0022221957263380333 0.9542512346525814
0.06940619507446068 0.013752961150122537 0.0016387069817058657 0.9152021367937109
0.06991729522743116 0.48393500683224067 0.008681186590986332 0.4374665113493415
0.1251000621167622 0.15243348813799532 0.27413903010894203 0.4483274196363004
0.3767280726957752 0.050403226029997444 3.0132080893946227e-05 0.5728385691933334
0.05653139841213497 0.12959045720894496 0.004465099573227838 0.8094130448056919
0.08708581896184923 0.1435648856182638 0.09843601865648297 0.6709132767634037
0.6533027197806905 0.11293093326483013 0.035578040969977374 0.19818830598450188
0.14406290715104347 0.06478061518061423 0.11060373729569149 0.6805527403726508
0.008665126472512599 0.0151560253301416 0.00018470499855184402 0.975994143198794
0.058787915489987796 0.06783325725682145 0.021604286665300645 0.8517745405878905
0.3045435814209856 0.510101325332106 0.014561831054389955 0.1707932621925185
0.17099970422774363 0.0008104761048293203 9.041426225262332e-05 0.8280994054051746
0.08882854388773737 0.14704108769425725 0.0439912261117895 0.7201391423062162
0.18817962618486406 0.056561598890428555 0.016536542689597904 0.7387222322351096
0.29461088557262943 0.04126552374818492 0.02422932703619374 0.6398942636429921
0.6481649498509174 0.06221694573955854 0.03314316159848573 0.2564749428110383
0.015787303249914 0.034191410735772254 0.0001488010851919091 0.9498724849291221
0.014032751443929 0.00012423977339773545 2.2810780537076477e-06 0.9858407277046195
0.10805206913219823 0.03753549755610705 0.002231204128464548 0.8521812291832304
0.08720024397986632 0.4356991702039967 0.02029136466303673 0.45680922115310024
0.07509628111486097 0.00010088938600979336 1.5117474675839994e-06 0.9248013177516616
0.03592733689878271 0.05787855024745276 0.0008191344031440615 0.9053749784506203
0.04311804631302673 0.08100892639176314 0.00015571189853467226 0.8757173153966759
0.013313726289394172 0.016643023202862706 0.026020335191958444 0.944022915315785
0.5017575051617624 0.17605203398111893 0.074899168389514 0.24729129246760453
0.08475694376753934 0.7220332924215425 0.046154246848847814 0.14705551696207034
