0.006666666666666668 0.07333333333333335 0.006666666666666668 0.006666666666666668 0.006666666666666668 0.34 0.54 0.006666666666666668 0.006666666666666668 0.006666666666666668
0.1952380952380952 0.004761904761904762 0.004761904761904762 0.05238095238095238 0.1 0.004761904761904762 0.4809523809523809 0.004761904761904762 0.14761904761904762 0.004761904761904762
0.024444444444444446 0.18 0.0022222222222222222 0.0022222222222222222 0.0022222222222222222 0.04666666666666667 0.3577777777777778 0.0911111111111111 0.20222222222222222 0.0911111111111111
0.005555555555555556 0.005555555555555556 0.005555555555555556 0.005555555555555556 0.005555555555555556 0.005555555555555556 0.5055555555555555 0.005555555555555556 0.2833333333333333 0.17222222222222222
0.009090909090909092 0.009090909090909092 0.009090909090909092 0.009090909090909092 0.009090909090909092 0.009090909090909092 0.8272727272727274 0.009090909090909092 0.10000000000000002 0.009090909090909092
0.02 0.02 0.02 0.02 0.42000000000000004 0.22000000000000003 0.22000000000000003 0.02 0.02 0.02
0.006666666666666668 0.006666666666666668 0.006666666666666668 0.006666666666666668 0.006666666666666668 0.006666666666666668 0.6066666666666667 0.2066666666666667 0.07333333333333335 0.07333333333333335
0.12222222222222226 0.011111111111111113 0.011111111111111113 0.011111111111111113 0.2333333333333334 0.011111111111111113 0.5666666666666668 0.011111111111111113 0.011111111111111113 0.011111111111111113
0.010000000000000002 0.010000000000000002 0.010000000000000002 0.11000000000000003 0.010000000000000002 0.11000000000000003 0.7100000000000001 0.010000000000000002 0.010000000000000002 0.010000000000000002
0.010000000000000002 0.010000000000000002 0.010000000000000002 0.010000000000000002 0.010000000000000002 0.31000000000000005 0.51 0.11000000000000003 0.010000000000000002 0.010000000000000002
0.004 0.004 0.004 0.044000000000000004 0.004 0.084 0.524 0.324 0.004 0.004
0.005263157894736842 0.005263157894736842 0.005263157894736842 0.1105263157894737 0.2157894736842105 0.005263157894736842 0.5842105263157894 0.05789473684210527 0.005263157894736842 0.005263157894736842
0.014285714285714287 0.15714285714285717 0.014285714285714287 0.014285714285714287 0.014285714285714287 0.014285714285714287 0.4428571428571429 0.014285714285714287 0.3 0.014285714285714287
0.004347826086956522 0.004347826086956522 0.004347826086956522 0.004347826086956522 0.004347826086956522 0.2217391304347826 0.43913043478260866 0.2652173913043478 0.004347826086956522 0.04782608695652174
0.01 0.11000000000000001 0.21000000000000002 0.01 0.01 0.01 0.61 0.01 0.01 0.01
0.05238095238095238 0.1952380952380952 0.004761904761904762 0.14761904761904762 0.004761904761904762 0.14761904761904762 0.4333333333333333 0.004761904761904762 0.004761904761904762 0.004761904761904762
0.007692307692307693 0.007692307692307693 0.007692307692307693 0.23846153846153847 0.007692307692307693 0.23846153846153847 0.23846153846153847 0.23846153846153847 0.007692307692307693 0.007692307692307693
0.014285714285714287 0.014285714285714287 0.014285714285714287 0.014285714285714287 0.014285714285714287 0.014285714285714287 0.7285714285714285 0.014285714285714287 0.15714285714285717 0.014285714285714287
0.006666666666666668 0.006666666666666668 0.006666666666666668 0.006666666666666668 0.14 0.07333333333333335 0.6733333333333333 0.006666666666666668 0.006666666666666668 0.07333333333333335
0.42500000000000004 0.008333333333333335 0.008333333333333335 0.008333333333333335 0.008333333333333335 0.008333333333333335 0.5083333333333334 0.008333333333333335 0.008333333333333335 0.008333333333333335
0.011111111111111113 0.011111111111111113 0.011111111111111113 0.011111111111111113 0.011111111111111113 0.2333333333333334 0.6777777777777779 0.011111111111111113 0.011111111111111113 0.011111111111111113
0.2157894736842105 0.005263157894736842 0.005263157894736842 0.005263157894736842 0.005263157894736842 0.005263157894736842 0.4789473684210526 0.26842105263157895 0.005263157894736842 0.005263157894736842
0.014285714285714287 0.014285714285714287 0.014285714285714287 0.014285714285714287 0.014285714285714287 0.014285714285714287 0.4428571428571429 0.15714285714285717 0.014285714285714287 0.3
0.2733333333333333 0.006666666666666668 0.006666666666666668 0.4733333333333334 0.07333333333333335 0.006666666666666668 0.14 0.006666666666666668 0.006666666666666668 0.006666666666666668
0.012500000000000002 0.13750000000000004 0.012500000000000002 0.012500000000000002 0.012500000000000002 0.012500000000000002 0.7625000000000001 0.012500000000000002 0.012500000000000002 0.012500000000000002
0.5125000000000001 0.012500000000000002 0.012500000000000002 0.012500000000000002 0.012500000000000002 0.012500000000000002 0.38750000000000007 0.012500000000000002 0.012500000000000002 0.012500000000000002
0.005263157894736842 0.005263157894736842 0.005263157894736842 0.005263157894736842 0.005263157894736842 0.005263157894736842 0.531578947368421 0.1631578947368421 0.1105263157894737 0.1631578947368421
0.006250000000000001 0.006250000000000001 0.006250000000000001 0.006250000000000001 0.006250000000000001 0.006250000000000001 0.7562500000000001 0.19375000000000003 0.006250000000000001 0.006250000000000001
0.008333333333333335 0.8416666666666668 0.008333333333333335 0.008333333333333335 0.008333333333333335 0.008333333333333335 0.09166666666666669 0.008333333333333335 0.008333333333333335 0.008333333333333335
0.007142857142857144 0.007142857142857144 0.007142857142857144 0.007142857142857144 0.007142857142857144 0.07857142857142858 0.4357142857142857 0.29285714285714287 0.007142857142857144 0.15000000000000002
0.22142857142857145 0.07857142857142858 0.0071428571428571435 0.0071428571428571435 0.0071428571428571435 0.0071428571428571435 0.5071428571428571 0.0071428571428571435 0.15 0.0071428571428571435
0.05500000000000001 0.05500000000000001 0.005 0.005 0.005 0.005 0.605 0.155 0.05500000000000001 0.05500000000000001
0.35000000000000003 0.18333333333333335 0.016666666666666666 0.016666666666666666 0.016666666666666666 0.016666666666666666 0.35000000000000003 0.016666666666666666 0.016666666666666666 0.016666666666666666
0.1708333333333333 0.004166666666666667 0.004166666666666667 0.004166666666666667 0.004166666666666667 0.08750000000000001 0.33749999999999997 0.004166666666666667 0.29583333333333334 0.08750000000000001
0.3642857142857143 0.007142857142857144 0.007142857142857144 0.007142857142857144 0.007142857142857144 0.07857142857142858 0.3642857142857143 0.007142857142857144 0.15000000000000002 0.007142857142857144
0.008333333333333335 0.008333333333333335 0.008333333333333335 0.17500000000000004 0.09166666666666669 0.008333333333333335 0.5916666666666667 0.008333333333333335 0.008333333333333335 0.09166666666666669
0.0058823529411764705 0.0058823529411764705 0.0058823529411764705 0.0058823529411764705 0.0058823529411764705 0.0058823529411764705 0.711764705882353 0.0058823529411764705 0.24117647058823527 0.0058823529411764705
0.07333333333333335 0.006666666666666668 0.006666666666666668 0.07333333333333335 0.006666666666666668 0.2733333333333333 0.54 0.006666666666666668 0.006666666666666668 0.006666666666666668
0.13125000000000003 0.006250000000000001 0.006250000000000001 0.06875000000000002 0.06875000000000002 0.19375000000000003 0.5062500000000001 0.006250000000000001 0.006250000000000001 0.006250000000000001
0.1823529411764706 0.0058823529411764705 0.0058823529411764705 0.24117647058823527 0.0058823529411764705 0.0058823529411764705 0.5352941176470588 0.0058823529411764705 0.0058823529411764705 0.0058823529411764705
0.09130434782608696 0.004347826086956522 0.004347826086956522 0.004347826086956522 0.04782608695652174 0.30869565217391304 0.5260869565217391 0.004347826086956522 0.004347826086956522 0.004347826086956522
0.0038461538461538464 0.0038461538461538464 0.0038461538461538464 0.04230769230769231 0.0038461538461538464 0.0038461538461538464 0.6576923076923078 0.04230769230769231 0.08076923076923077 0.1576923076923077
0.012500000000000002 0.012500000000000002 0.012500000000000002 0.26250000000000007 0.012500000000000002 0.012500000000000002 0.6375000000000001 0.012500000000000002 0.012500000000000002 0.012500000000000002
0.003999999999999999 0.003999999999999999 0.08399999999999998 0.04399999999999999 0.003999999999999999 0.08399999999999998 0.7239999999999999 0.04399999999999999 0.003999999999999999 0.003999999999999999
0.012500000000000002 0.13750000000000004 0.012500000000000002 0.012500000000000002 0.012500000000000002 0.012500000000000002 0.7625000000000001 0.012500000000000002 0.012500000000000002 0.012500000000000002
0.006666666666666668 0.07333333333333335 0.006666666666666668 0.14 0.2733333333333333 0.006666666666666668 0.4733333333333334 0.006666666666666668 0.006666666666666668 0.006666666666666668
0.011111111111111113 0.011111111111111113 0.011111111111111113 0.011111111111111113 0.011111111111111113 0.011111111111111113 0.788888888888889 0.12222222222222226 0.011111111111111113 0.011111111111111113
0.005 0.005 0.005 0.005 0.005 0.305 0.255 0.005 0.005 0.40499999999999997
0.08461538461538463 0.007692307692307694 0.007692307692307694 0.007692307692307694 0.007692307692307694 0.007692307692307694 0.7000000000000001 0.16153846153846158 0.007692307692307694 0.007692307692307694
0.007692307692307694 0.007692307692307694 0.007692307692307694 0.007692307692307694 0.3153846153846154 0.007692307692307694 0.4692307692307693 0.007692307692307694 0.08461538461538463 0.08461538461538463
0.005555555555555556 0.11666666666666667 0.005555555555555556 0.005555555555555556 0.005555555555555556 0.11666666666666667 0.5611111111111111 0.061111111111111116 0.005555555555555556 0.11666666666666667
0.009090909090909092 0.009090909090909092 0.10000000000000002 0.10000000000000002 0.009090909090909092 0.28181818181818186 0.4636363636363637 0.009090909090909092 0.009090909090909092 0.009090909090909092
0.008333333333333335 0.008333333333333335 0.008333333333333335 0.008333333333333335 0.008333333333333335 0.008333333333333335 0.9250000000000002 0.008333333333333335 0.008333333333333335 0.008333333333333335
0.0058823529411764705 0.24117647058823527 0.0058823529411764705 0.0058823529411764705 0.0058823529411764705 0.0058823529411764705 0.6529411764705882 0.0058823529411764705 0.06470588235294118 0.0058823529411764705
0.3875 0.0125 0.0125 0.0125 0.0125 0.0125 0.2625 0.0125 0.0125 0.2625
0.2818181818181818 0.009090909090909092 0.009090909090909092 0.009090909090909092 0.009090909090909092 0.009090909090909092 0.6454545454545454 0.009090909090909092 0.009090909090909092 0.009090909090909092
0.004166666666666667 0.004166666666666667 0.004166666666666667 0.1708333333333333 0.004166666666666667 0.29583333333333334 0.37916666666666665 0.004166666666666667 0.08750000000000001 0.04583333333333334
0.007692307692307694 0.007692307692307694 0.3153846153846154 0.08461538461538463 0.007692307692307694 0.08461538461538463 0.39230769230769236 0.007692307692307694 0.08461538461538463 0.007692307692307694
0.025 0.025 0.025 0.025 0.025 0.025 0.775 0.025 0.025 0.025
0.007692307692307694 0.007692307692307694 0.007692307692307694 0.2384615384615385 0.007692307692307694 0.007692307692307694 0.5461538461538462 0.16153846153846158 0.007692307692307694 0.007692307692307694
0.006666666666666668 0.006666666666666668 0.07333333333333335 0.14 0.006666666666666668 0.006666666666666668 0.54 0.14 0.07333333333333335 0.006666666666666668
0.006666666666666669 0.006666666666666669 0.006666666666666669 0.2733333333333334 0.006666666666666669 0.3400000000000001 0.3400000000000001 0.006666666666666669 0.006666666666666669 0.006666666666666669
0.006250000000000001 0.006250000000000001 0.19375000000000003 0.006250000000000001 0.006250000000000001 0.006250000000000001 0.7562500000000001 0.006250000000000001 0.006250000000000001 0.006250000000000001
0.007692307692307694 0.007692307692307694 0.007692307692307694 0.007692307692307694 0.007692307692307694 0.007692307692307694 0.4692307692307693 0.007692307692307694 0.4692307692307693 0.007692307692307694
0.007142857142857144 0.07857142857142858 0.007142857142857144 0.07857142857142858 0.007142857142857144 0.007142857142857144 0.65 0.007142857142857144 0.15000000000000002 0.007142857142857144
0.2125 0.08750000000000001 0.004166666666666667 0.004166666666666667 0.004166666666666667 0.004166666666666667 0.5458333333333333 0.004166666666666667 0.12916666666666668 0.004166666666666667
0.12424242424242424 0.12424242424242424 0.0030303030303030303 0.0030303030303030303 0.0030303030303030303 0.0030303030303030303 0.5787878787878789 0.0030303030303030303 0.15454545454545454 0.0030303030303030303
0.12708333333333333 0.12708333333333333 0.0020833333333333333 0.0020833333333333333 0.043750000000000004 0.0020833333333333333 0.48125 0.0020833333333333333 0.21041666666666667 0.0020833333333333333
0.003703703703703704 0.003703703703703704 0.003703703703703704 0.26296296296296295 0.040740740740740744 0.18888888888888888 0.22592592592592592 0.003703703703703704 0.26296296296296295 0.003703703703703704
0.011111111111111112 0.011111111111111112 0.12222222222222223 0.12222222222222223 0.011111111111111112 0.011111111111111112 0.6777777777777777 0.011111111111111112 0.011111111111111112 0.011111111111111112
0.08461538461538462 0.08461538461538462 0.007692307692307693 0.08461538461538462 0.08461538461538462 0.007692307692307693 0.46923076923076923 0.007692307692307693 0.16153846153846155 0.007692307692307693
0.22903225806451613 0.06774193548387097 0.0032258064516129032 0.0032258064516129032 0.0032258064516129032 0.0032258064516129032 0.4225806451612903 0.0032258064516129032 0.1 0.16451612903225804
0.01 0.01 0.11000000000000001 0.21000000000000002 0.01 0.01 0.61 0.01 0.01 0.01
0.011111111111111113 0.011111111111111113 0.011111111111111113 0.011111111111111113 0.011111111111111113 0.011111111111111113 0.9000000000000001 0.011111111111111113 0.011111111111111113 0.011111111111111113
0.014285714285714287 0.014285714285714287 0.4428571428571429 0.014285714285714287 0.014285714285714287 0.15714285714285717 0.15714285714285717 0.014285714285714287 0.15714285714285717 0.014285714285714287
0.010000000000000002 0.010000000000000002 0.010000000000000002 0.010000000000000002 0.11000000000000003 0.010000000000000002 0.7100000000000001 0.11000000000000003 0.010000000000000002 0.010000000000000002
0.008333333333333333 0.008333333333333333 0.008333333333333333 0.25833333333333336 0.008333333333333333 0.008333333333333333 0.5083333333333333 0.008333333333333333 0.17500000000000002 0.008333333333333333
0.011111111111111113 0.011111111111111113 0.011111111111111113 0.011111111111111113 0.12222222222222226 0.2333333333333334 0.5666666666666668 0.011111111111111113 0.011111111111111113 0.011111111111111113
0.05500000000000001 0.205 0.05500000000000001 0.005 0.005 0.005 0.505 0.155 0.005 0.005
0.0032258064516129032 0.0032258064516129032 0.16451612903225804 0.0032258064516129032 0.16451612903225804 0.0032258064516129032 0.35806451612903223 0.06774193548387097 0.035483870967741936 0.19677419354838707
0.009090909090909092 0.19090909090909094 0.009090909090909092 0.009090909090909092 0.009090909090909092 0.009090909090909092 0.10000000000000002 0.6454545454545455 0.009090909090909092 0.009090909090909092
0.014285714285714289 0.014285714285714289 0.014285714285714289 0.014285714285714289 0.014285714285714289 0.014285714285714289 0.15714285714285717 0.7285714285714286 0.014285714285714289 0.014285714285714289
0.08750000000000001 0.004166666666666667 0.04583333333333334 0.004166666666666667 0.004166666666666667 0.004166666666666667 0.5041666666666667 0.33749999999999997 0.004166666666666667 0.004166666666666667
0.23333333333333334 0.011111111111111112 0.23333333333333334 0.011111111111111112 0.011111111111111112 0.011111111111111112 0.23333333333333334 0.011111111111111112 0.23333333333333334 0.011111111111111112
0.15714285714285717 0.014285714285714289 0.014285714285714289 0.014285714285714289 0.014285714285714289 0.014285714285714289 0.5857142857142857 0.15714285714285717 0.014285714285714289 0.014285714285714289
0.007142857142857144 0.15000000000000002 0.007142857142857144 0.007142857142857144 0.007142857142857144 0.007142857142857144 0.7928571428571429 0.007142857142857144 0.007142857142857144 0.007142857142857144
0.3727272727272727 0.009090909090909092 0.009090909090909092 0.1 0.009090909090909092 0.1 0.2818181818181818 0.009090909090909092 0.009090909090909092 0.1
0.07333333333333335 0.07333333333333335 0.006666666666666668 0.006666666666666668 0.006666666666666668 0.006666666666666668 0.07333333333333335 0.4733333333333334 0.006666666666666668 0.2733333333333333
0.05238095238095238 0.5761904761904761 0.05238095238095238 0.1 0.004761904761904762 0.004761904761904762 0.004761904761904762 0.1952380952380952 0.004761904761904762 0.004761904761904762
0.007692307692307694 0.5461538461538462 0.007692307692307694 0.007692307692307694 0.007692307692307694 0.007692307692307694 0.007692307692307694 0.007692307692307694 0.39230769230769236 0.007692307692307694
0.008333333333333335 0.5916666666666667 0.008333333333333335 0.17500000000000004 0.008333333333333335 0.17500000000000004 0.008333333333333335 0.008333333333333335 0.008333333333333335 0.008333333333333335
0.011111111111111112 0.23333333333333334 0.011111111111111112 0.011111111111111112 0.34444444444444444 0.011111111111111112 0.011111111111111112 0.011111111111111112 0.34444444444444444 0.011111111111111112
0.004347826086956522 0.4826086956521739 0.004347826086956522 0.004347826086956522 0.09130434782608696 0.04782608695652174 0.004347826086956522 0.004347826086956522 0.2217391304347826 0.13478260869565217
0.02 0.22000000000000003 0.02 0.02 0.02 0.02 0.02 0.02 0.62 0.02
0.007142857142857144 0.65 0.007142857142857144 0.07857142857142858 0.07857142857142858 0.15000000000000002 0.007142857142857144 0.007142857142857144 0.007142857142857144 0.007142857142857144
0.0034482758620689655 0.0034482758620689655 0.1758620689655172 0.2448275862068965 0.0034482758620689655 0.0034482758620689655 0.0034482758620689655 0.5551724137931034 0.0034482758620689655 0.0034482758620689655
0.01666666666666667 0.6833333333333333 0.01666666666666667 0.01666666666666667 0.01666666666666667 0.18333333333333338 0.01666666666666667 0.01666666666666667 0.01666666666666667 0.01666666666666667
0.11000000000000001 0.21000000000000002 0.11000000000000001 0.31 0.01 0.01 0.01 0.01 0.21000000000000002 0.01
0.004761904761904762 0.3857142857142857 0.05238095238095238 0.1952380952380952 0.004761904761904762 0.1952380952380952 0.004761904761904762 0.14761904761904762 0.004761904761904762 0.004761904761904762
0.005555555555555556 0.005555555555555556 0.005555555555555556 0.22777777777777775 0.005555555555555556 0.005555555555555556 0.39444444444444443 0.33888888888888885 0.005555555555555556 0.005555555555555556
0.16451612903225804 0.35806451612903223 0.06774193548387097 0.0032258064516129032 0.06774193548387097 0.132258064516129 0.1 0.035483870967741936 0.06774193548387097 0.0032258064516129032
0.1375 0.3875 0.1375 0.0125 0.0125 0.0125 0.0125 0.2625 0.0125 0.0125
0.014285714285714287 0.15714285714285717 0.014285714285714287 0.3 0.014285714285714287 0.014285714285714287 0.014285714285714287 0.014285714285714287 0.014285714285714287 0.4428571428571429
0.009090909090909092 0.009090909090909092 0.009090909090909092 0.009090909090909092 0.009090909090909092 0.10000000000000002 0.10000000000000002 0.5545454545454546 0.009090909090909092 0.19090909090909094
0.01666666666666667 0.18333333333333338 0.01666666666666667 0.6833333333333333 0.01666666666666667 0.01666666666666667 0.01666666666666667 0.01666666666666667 0.01666666666666667 0.01666666666666667
0.008333333333333335 0.675 0.008333333333333335 0.008333333333333335 0.008333333333333335 0.17500000000000004 0.008333333333333335 0.09166666666666669 0.008333333333333335 0.008333333333333335
0.011111111111111113 0.011111111111111113 0.011111111111111113 0.011111111111111113 0.011111111111111113 0.011111111111111113 0.12222222222222226 0.788888888888889 0.011111111111111113 0.011111111111111113
0.12352941176470589 0.1823529411764706 0.24117647058823527 0.0058823529411764705 0.24117647058823527 0.0058823529411764705 0.1823529411764706 0.0058823529411764705 0.0058823529411764705 0.0058823529411764705
0.007692307692307694 0.39230769230769236 0.16153846153846158 0.007692307692307694 0.007692307692307694 0.08461538461538463 0.007692307692307694 0.007692307692307694 0.007692307692307694 0.3153846153846154
0.01 0.01 0.21000000000000002 0.01 0.01 0.01 0.01 0.41 0.01 0.31
0.275 0.275 0.025 0.275 0.025 0.025 0.025 0.025 0.025 0.025
0.014285714285714287 0.15714285714285717 0.014285714285714287 0.014285714285714287 0.5857142857142856 0.014285714285714287 0.014285714285714287 0.014285714285714287 0.15714285714285717 0.014285714285714287
0.016666666666666666 0.18333333333333335 0.016666666666666666 0.016666666666666666 0.016666666666666666 0.18333333333333335 0.016666666666666666 0.016666666666666666 0.5166666666666667 0.016666666666666666
0.011111111111111113 0.5666666666666668 0.2333333333333334 0.12222222222222226 0.011111111111111113 0.011111111111111113 0.011111111111111113 0.011111111111111113 0.011111111111111113 0.011111111111111113
0.009090909090909092 0.2818181818181818 0.009090909090909092 0.009090909090909092 0.009090909090909092 0.009090909090909092 0.009090909090909092 0.009090909090909092 0.009090909090909092 0.6454545454545454
0.1 0.009090909090909092 0.009090909090909092 0.009090909090909092 0.009090909090909092 0.009090909090909092 0.009090909090909092 0.2818181818181818 0.009090909090909092 0.5545454545454546
0.15 0.0071428571428571435 0.15 0.0071428571428571435 0.0071428571428571435 0.0071428571428571435 0.0071428571428571435 0.43571428571428567 0.0071428571428571435 0.22142857142857145
0.37272727272727274 0.19090909090909094 0.19090909090909094 0.009090909090909092 0.009090909090909092 0.009090909090909092 0.009090909090909092 0.19090909090909094 0.009090909090909092 0.009090909090909092
0.007692307692307694 0.007692307692307694 0.007692307692307694 0.007692307692307694 0.08461538461538463 0.16153846153846158 0.3153846153846154 0.39230769230769236 0.007692307692307694 0.007692307692307694
0.006250000000000001 0.9437500000000001 0.006250000000000001 0.006250000000000001 0.006250000000000001 0.006250000000000001 0.006250000000000001 0.006250000000000001 0.006250000000000001 0.006250000000000001
0.03333333333333333 0.7 0.03333333333333333 0.03333333333333333 0.03333333333333333 0.03333333333333333 0.03333333333333333 0.03333333333333333 0.03333333333333333 0.03333333333333333
0.007142857142857145 0.5785714285714287 0.007142857142857145 0.007142857142857145 0.0785714285714286 0.2928571428571429 0.007142857142857145 0.007142857142857145 0.007142857142857145 0.007142857142857145
0.011111111111111112 0.4555555555555555 0.011111111111111112 0.011111111111111112 0.011111111111111112 0.23333333333333334 0.011111111111111112 0.011111111111111112 0.23333333333333334 0.011111111111111112
0.012500000000000002 0.012500000000000002 0.012500000000000002 0.012500000000000002 0.012500000000000002 0.012500000000000002 0.012500000000000002 0.8875000000000001 0.012500000000000002 0.012500000000000002
0.012500000000000002 0.7625000000000001 0.012500000000000002 0.012500000000000002 0.012500000000000002 0.13750000000000004 0.012500000000000002 0.012500000000000002 0.012500000000000002 0.012500000000000002
0.016666666666666666 0.18333333333333335 0.016666666666666666 0.016666666666666666 0.35000000000000003 0.016666666666666666 0.016666666666666666 0.35000000000000003 0.016666666666666666 0.016666666666666666
0.01 0.31 0.01 0.01 0.01 0.21000000000000002 0.01 0.41 0.01 0.01
0.01666666666666667 0.01666666666666667 0.01666666666666667 0.01666666666666667 0.01666666666666667 0.01666666666666667 0.01666666666666667 0.8500000000000001 0.01666666666666667 0.01666666666666667
0.008333333333333335 0.3416666666666667 0.008333333333333335 0.008333333333333335 0.008333333333333335 0.008333333333333335 0.008333333333333335 0.5916666666666667 0.008333333333333335 0.008333333333333335
0.025 0.775 0.025 0.025 0.025 0.025 0.025 0.025 0.025 0.025
0.007142857142857144 0.22142857142857147 0.007142857142857144 0.007142857142857144 0.5071428571428572 0.007142857142857144 0.07857142857142858 0.007142857142857144 0.15000000000000002 0.007142857142857144
0.007142857142857144 0.7214285714285715 0.007142857142857144 0.007142857142857144 0.007142857142857144 0.007142857142857144 0.007142857142857144 0.007142857142857144 0.07857142857142858 0.15000000000000002
0.061111111111111116 0.11666666666666667 0.005555555555555556 0.005555555555555556 0.061111111111111116 0.005555555555555556 0.33888888888888885 0.33888888888888885 0.005555555555555556 0.061111111111111116
0.09166666666666669 0.42500000000000004 0.17500000000000004 0.008333333333333335 0.09166666666666669 0.008333333333333335 0.008333333333333335 0.008333333333333335 0.17500000000000004 0.008333333333333335
0.35000000000000003 0.18333333333333335 0.016666666666666666 0.35000000000000003 0.016666666666666666 0.016666666666666666 0.016666666666666666 0.016666666666666666 0.016666666666666666 0.016666666666666666
0.011111111111111112 0.011111111111111112 0.011111111111111112 0.12222222222222223 0.011111111111111112 0.5666666666666667 0.011111111111111112 0.011111111111111112 0.23333333333333334 0.011111111111111112
0.020000000000000004 0.8200000000000001 0.020000000000000004 0.020000000000000004 0.020000000000000004 0.020000000000000004 0.020000000000000004 0.020000000000000004 0.020000000000000004 0.020000000000000004
0.35000000000000003 0.016666666666666666 0.016666666666666666 0.016666666666666666 0.016666666666666666 0.5166666666666667 0.016666666666666666 0.016666666666666666 0.016666666666666666 0.016666666666666666
0.34444444444444444 0.23333333333333334 0.011111111111111112 0.011111111111111112 0.011111111111111112 0.011111111111111112 0.011111111111111112 0.34444444444444444 0.011111111111111112 0.011111111111111112
0.009090909090909092 0.28181818181818186 0.10000000000000002 0.37272727272727274 0.009090909090909092 0.19090909090909094 0.009090909090909092 0.009090909090909092 0.009090909090909092 0.009090909090909092
0.010000000000000002 0.81 0.010000000000000002 0.010000000000000002 0.010000000000000002 0.010000000000000002 0.010000000000000002 0.010000000000000002 0.11000000000000003 0.010000000000000002
0.011111111111111112 0.011111111111111112 0.12222222222222223 0.011111111111111112 0.011111111111111112 0.011111111111111112 0.011111111111111112 0.011111111111111112 0.011111111111111112 0.7888888888888889
0.016666666666666666 0.5166666666666667 0.016666666666666666 0.18333333333333335 0.18333333333333335 0.016666666666666666 0.016666666666666666 0.016666666666666666 0.016666666666666666 0.016666666666666666
0.010000000000000002 0.81 0.010000000000000002 0.010000000000000002 0.010000000000000002 0.11000000000000003 0.010000000000000002 0.010000000000000002 0.010000000000000002 0.010000000000000002
0.012500000000000002 0.6375000000000001 0.012500000000000002 0.13750000000000004 0.012500000000000002 0.012500000000000002 0.012500000000000002 0.13750000000000004 0.012500000000000002 0.012500000000000002
0.006666666666666668 0.14 0.006666666666666668 0.006666666666666668 0.006666666666666668 0.006666666666666668 0.6066666666666667 0.006666666666666668 0.006666666666666668 0.2066666666666667
0.01666666666666667 0.6833333333333333 0.01666666666666667 0.01666666666666667 0.18333333333333338 0.01666666666666667 0.01666666666666667 0.01666666666666667 0.01666666666666667 0.01666666666666667
0.010000000000000002 0.9100000000000001 0.010000000000000002 0.010000000000000002 0.010000000000000002 0.010000000000000002 0.010000000000000002 0.010000000000000002 0.010000000000000002 0.010000000000000002
0.012500000000000002 0.13750000000000004 0.012500000000000002 0.012500000000000002 0.26250000000000007 0.5125000000000001 0.012500000000000002 0.012500000000000002 0.012500000000000002 0.012500000000000002
0.011111111111111113 0.9000000000000001 0.011111111111111113 0.011111111111111113 0.011111111111111113 0.011111111111111113 0.011111111111111113 0.011111111111111113 0.011111111111111113 0.011111111111111113
0.008333333333333335 0.675 0.09166666666666669 0.008333333333333335 0.09166666666666669 0.09166666666666669 0.008333333333333335 0.008333333333333335 0.008333333333333335 0.008333333333333335
0.01666666666666667 0.8500000000000001 0.01666666666666667 0.01666666666666667 0.01666666666666667 0.01666666666666667 0.01666666666666667 0.01666666666666667 0.01666666666666667 0.01666666666666667
0.5125000000000001 0.012500000000000002 0.012500000000000002 0.012500000000000002 0.012500000000000002 0.012500000000000002 0.012500000000000002 0.38750000000000007 0.012500000000000002 0.012500000000000002
0.03333333333333333 0.7 0.03333333333333333 0.03333333333333333 0.03333333333333333 0.03333333333333333 0.03333333333333333 0.03333333333333333 0.03333333333333333 0.03333333333333333
0.22777777777777775 0.5611111111111111 0.005555555555555556 0.005555555555555556 0.005555555555555556 0.005555555555555556 0.061111111111111116 0.11666666666666667 0.005555555555555556 0.005555555555555556
0.5461538461538462 0.007692307692307694 0.007692307692307694 0.007692307692307694 0.007692307692307694 0.007692307692307694 0.007692307692307694 0.3153846153846154 0.007692307692307694 0.08461538461538463
0.008333333333333333 0.17500000000000002 0.008333333333333333 0.008333333333333333 0.008333333333333333 0.17500000000000002 0.008333333333333333 0.008333333333333333 0.3416666666666666 0.25833333333333336
0.305 0.5549999999999999 0.005 0.005 0.005 0.005 0.005 0.10500000000000001 0.005 0.005
0.05789473684210527 0.1631578947368421 0.005263157894736842 0.005263157894736842 0.005263157894736842 0.4263157894736842 0.005263157894736842 0.005263157894736842 0.32105263157894737 0.005263157894736842
0.0035714285714285713 0.0035714285714285713 0.11071428571428571 0.0035714285714285713 0.0035714285714285713 0.1464285714285714 0.0035714285714285713 0.0035714285714285713 0.6464285714285714 0.075
0.005555555555555556 0.061111111111111116 0.005555555555555556 0.005555555555555556 0.005555555555555556 0.5611111111111111 0.005555555555555556 0.005555555555555556 0.2833333333333333 0.061111111111111116
0.0058823529411764705 0.12352941176470589 0.06470588235294118 0.0058823529411764705 0.0058823529411764705 0.4764705882352941 0.0058823529411764705 0.0058823529411764705 0.3 0.0058823529411764705
0.0037037037037037034 0.0037037037037037034 0.15185185185185182 0.0037037037037037034 0.0037037037037037034 0.0037037037037037034 0.1148148148148148 0.04074074074074074 0.6703703703703703 0.0037037037037037034
0.004545454545454546 0.004545454545454546 0.004545454545454546 0.004545454545454546 0.3227272727272727 0.004545454545454546 0.004545454545454546 0.05 0.41363636363636364 0.18636363636363634
0.04999999999999999 0.04999999999999999 0.5499999999999999 0.04999999999999999 0.04999999999999999 0.04999999999999999 0.04999999999999999 0.04999999999999999 0.04999999999999999 0.04999999999999999
0.005 0.10500000000000001 0.40499999999999997 0.005 0.005 0.005 0.005 0.005 0.45499999999999996 0.005
0.014285714285714287 0.15714285714285717 0.014285714285714287 0.15714285714285717 0.014285714285714287 0.3 0.014285714285714287 0.3 0.014285714285714287 0.014285714285714287
0.011111111111111112 0.011111111111111112 0.12222222222222223 0.011111111111111112 0.011111111111111112 0.4555555555555555 0.23333333333333334 0.011111111111111112 0.011111111111111112 0.12222222222222223
0.016666666666666666 0.016666666666666666 0.35000000000000003 0.5166666666666667 0.016666666666666666 0.016666666666666666 0.016666666666666666 0.016666666666666666 0.016666666666666666 0.016666666666666666
0.007692307692307694 0.007692307692307694 0.007692307692307694 0.007692307692307694 0.007692307692307694 0.7000000000000001 0.007692307692307694 0.2384615384615385 0.007692307692307694 0.007692307692307694
0.01 0.01 0.21000000000000002 0.01 0.31 0.41 0.01 0.01 0.01 0.01
0.01666666666666667 0.18333333333333338 0.01666666666666667 0.01666666666666667 0.01666666666666667 0.6833333333333333 0.01666666666666667 0.01666666666666667 0.01666666666666667 0.01666666666666667
0.014285714285714287 0.014285714285714287 0.014285714285714287 0.014285714285714287 0.014285714285714287 0.7285714285714285 0.014285714285714287 0.014285714285714287 0.014285714285714287 0.15714285714285717
0.0125 0.5125 0.0125 0.0125 0.0125 0.0125 0.0125 0.2625 0.1375 0.0125
0.008333333333333335 0.25833333333333336 0.008333333333333335 0.008333333333333335 0.3416666666666667 0.008333333333333335 0.008333333333333335 0.3416666666666667 0.008333333333333335 0.008333333333333335
0.009090909090909092 0.009090909090909092 0.009090909090909092 0.009090909090909092 0.009090909090909092 0.37272727272727274 0.009090909090909092 0.19090909090909094 0.37272727272727274 0.009090909090909092
0.011111111111111112 0.011111111111111112 0.011111111111111112 0.011111111111111112 0.23333333333333334 0.5666666666666667 0.011111111111111112 0.011111111111111112 0.12222222222222223 0.011111111111111112
0.020000000000000004 0.020000000000000004 0.020000000000000004 0.020000000000000004 0.020000000000000004 0.8200000000000001 0.020000000000000004 0.020000000000000004 0.020000000000000004 0.020000000000000004
0.007692307692307694 0.2384615384615385 0.007692307692307694 0.007692307692307694 0.3153846153846154 0.39230769230769236 0.007692307692307694 0.007692307692307694 0.007692307692307694 0.007692307692307694
0.008333333333333335 0.008333333333333335 0.008333333333333335 0.09166666666666669 0.008333333333333335 0.5916666666666667 0.008333333333333335 0.17500000000000004 0.008333333333333335 0.09166666666666669
0.009090909090909092 0.5545454545454546 0.009090909090909092 0.009090909090909092 0.1 0.2818181818181818 0.009090909090909092 0.009090909090909092 0.009090909090909092 0.009090909090909092
0.016666666666666666 0.18333333333333335 0.016666666666666666 0.016666666666666666 0.016666666666666666 0.5166666666666667 0.016666666666666666 0.016666666666666666 0.016666666666666666 0.18333333333333335
0.011111111111111112 0.011111111111111112 0.011111111111111112 0.011111111111111112 0.12222222222222223 0.6777777777777777 0.011111111111111112 0.011111111111111112 0.011111111111111112 0.12222222222222223
0.02 0.02 0.22000000000000003 0.02 0.22000000000000003 0.42000000000000004 0.02 0.02 0.02 0.02
0.014285714285714289 0.014285714285714289 0.15714285714285717 0.014285714285714289 0.014285714285714289 0.7285714285714286 0.014285714285714289 0.014285714285714289 0.014285714285714289 0.014285714285714289
0.23333333333333334 0.23333333333333334 0.011111111111111112 0.011111111111111112 0.12222222222222223 0.23333333333333334 0.011111111111111112 0.12222222222222223 0.011111111111111112 0.011111111111111112
0.008333333333333333 0.425 0.09166666666666667 0.09166666666666667 0.17500000000000002 0.008333333333333333 0.17500000000000002 0.008333333333333333 0.008333333333333333 0.008333333333333333
0.03333333333333333 0.03333333333333333 0.03333333333333333 0.03333333333333333 0.03333333333333333 0.7 0.03333333333333333 0.03333333333333333 0.03333333333333333 0.03333333333333333
0.006666666666666668 0.6066666666666667 0.006666666666666668 0.006666666666666668 0.2066666666666667 0.14 0.006666666666666668 0.006666666666666668 0.006666666666666668 0.006666666666666668
0.5125000000000001 0.012500000000000002 0.26250000000000007 0.13750000000000004 0.012500000000000002 0.012500000000000002 0.012500000000000002 0.012500000000000002 0.012500000000000002 0.012500000000000002
0.19090909090909092 0.009090909090909092 0.009090909090909092 0.009090909090909092 0.4636363636363636 0.19090909090909092 0.009090909090909092 0.009090909090909092 0.1 0.009090909090909092
0.025 0.025 0.025 0.025 0.275 0.525 0.025 0.025 0.025 0.025
0.0038461538461538464 0.4653846153846154 0.0038461538461538464 0.31153846153846154 0.0038461538461538464 0.0038461538461538464 0.0038461538461538464 0.04230769230769231 0.1576923076923077 0.0038461538461538464
0.11000000000000001 0.01 0.31 0.01 0.51 0.01 0.01 0.01 0.01 0.01
0.014285714285714287 0.014285714285714287 0.014285714285714287 0.014285714285714287 0.014285714285714287 0.4428571428571429 0.014285714285714287 0.15714285714285717 0.15714285714285717 0.15714285714285717
0.009090909090909092 0.2818181818181818 0.009090909090909092 0.009090909090909092 0.1 0.1 0.009090909090909092 0.4636363636363636 0.009090909090909092 0.009090909090909092
0.02 0.02 0.02 0.02 0.02 0.62 0.02 0.02 0.22000000000000003 0.02
0.005263157894736842 0.05789473684210527 0.005263157894736842 0.05789473684210527 0.005263157894736842 0.005263157894736842 0.005263157894736842 0.3736842105263158 0.4789473684210526 0.005263157894736842
0.003703703703703704 0.26296296296296295 0.003703703703703704 0.003703703703703704 0.003703703703703704 0.07777777777777778 0.003703703703703704 0.44814814814814813 0.003703703703703704 0.18888888888888888
0.011111111111111112 0.34444444444444444 0.23333333333333334 0.011111111111111112 0.011111111111111112 0.12222222222222223 0.011111111111111112 0.011111111111111112 0.011111111111111112 0.23333333333333334
0.2928571428571429 0.007142857142857145 0.0785714285714286 0.007142857142857145 0.007142857142857145 0.5785714285714287 0.007142857142857145 0.007142857142857145 0.007142857142857145 0.007142857142857145
0.25833333333333336 0.008333333333333335 0.008333333333333335 0.008333333333333335 0.008333333333333335 0.675 0.008333333333333335 0.008333333333333335 0.008333333333333335 0.008333333333333335
0.2928571428571429 0.007142857142857145 0.0785714285714286 0.007142857142857145 0.007142857142857145 0.5785714285714287 0.007142857142857145 0.007142857142857145 0.007142857142857145 0.007142857142857145
0.009090909090909092 0.009090909090909092 0.2818181818181818 0.009090909090909092 0.009090909090909092 0.19090909090909092 0.009090909090909092 0.009090909090909092 0.4636363636363636 0.009090909090909092
0.007692307692307694 0.007692307692307694 0.007692307692307694 0.007692307692307694 0.007692307692307694 0.5461538461538462 0.007692307692307694 0.007692307692307694 0.39230769230769236 0.007692307692307694
0.006666666666666669 0.2733333333333334 0.006666666666666669 0.3400000000000001 0.006666666666666669 0.2733333333333334 0.006666666666666669 0.006666666666666669 0.006666666666666669 0.07333333333333336
0.005263157894736842 0.531578947368421 0.005263157894736842 0.005263157894736842 0.2157894736842105 0.005263157894736842 0.005263157894736842 0.005263157894736842 0.2157894736842105 0.005263157894736842
0.008333333333333335 0.008333333333333335 0.5083333333333334 0.008333333333333335 0.008333333333333335 0.42500000000000004 0.008333333333333335 0.008333333333333335 0.008333333333333335 0.008333333333333335
0.011111111111111112 0.34444444444444444 0.011111111111111112 0.011111111111111112 0.011111111111111112 0.34444444444444444 0.23333333333333334 0.011111111111111112 0.011111111111111112 0.011111111111111112
0.009090909090909092 0.009090909090909092 0.009090909090909092 0.009090909090909092 0.28181818181818186 0.6454545454545455 0.009090909090909092 0.009090909090909092 0.009090909090909092 0.009090909090909092
0.0071428571428571435 0.15 0.0071428571428571435 0.07857142857142858 0.0071428571428571435 0.36428571428571427 0.15 0.0071428571428571435 0.15 0.07857142857142858
0.007692307692307694 0.007692307692307694 0.08461538461538463 0.16153846153846158 0.3153846153846154 0.16153846153846158 0.08461538461538463 0.08461538461538463 0.007692307692307694 0.08461538461538463
0.007142857142857144 0.22142857142857147 0.007142857142857144 0.007142857142857144 0.007142857142857144 0.7214285714285715 0.007142857142857144 0.007142857142857144 0.007142857142857144 0.007142857142857144
