0.024274130465244636 0.023358968644847766 0.059077471198800476 0.058248703984198666 0.3066530466225872 0.10884151218338196 0.07755431729237042 0.05099722572599858 0.10459009940241716 0.043432815426513366 0.13124527294283017 0.011726436110809648 
0.013678842193620087 0.016506726380064323 0.10263783264693625 0.04436314341120705 0.23516140499587984 0.2243799559147806 0.1086156092045477 0.021787611142106464 0.08365015853286484 0.058777466076812064 0.07910799058698524 0.011333258914195662 
0.024607007362205204 0.03035075016886999 0.044489706870761994 0.052904002916659795 0.290840154060786 0.16280933022378918 0.07711690451107057 0.060203445687455455 0.05847746236430861 0.08988372012559988 0.09631058476606544 0.012006930942428018 
0.017513427772250713 0.03434717362480756 0.06129672047539552 0.0631226551706644 0.18773156491100176 0.1359079362899871 0.17777515176187553 0.07712007993331131 0.10000481055338512 0.04429210686597472 0.09290994631712567 0.007978426324220501 
0.0036119150476576246 0.016505641992990205 0.03866079386737851 0.03909040670345835 0.2685847454934532 0.07124410916035982 0.2661315610396787 0.017837234443313966 0.17692020716065443 0.05023661285889261 0.040374987139149235 0.010801785093013635 
0.004298395465079416 0.06414631294073224 0.040879911539480424 0.01574817496228893 0.2113552544012801 0.18362373836370421 0.12888982927101061 0.05129929201315779 0.16673692322780814 0.0868514219557356 0.03097917090060046 0.015191574959122156 
0.020119462992235118 0.02281531058090075 0.03612158469522178 0.010042603492067174 0.24183221018281445 0.1616548586675078 0.09726647670983608 0.046610093269090304 0.20546557803318924 0.041718091120092234 0.07964243338767951 0.03671129686936543 
0.002982627832337996 0.04133949173523352 0.06097920869912965 0.005095011083659077 0.2204632893726491 0.10989059607650875 0.12438052665326801 0.059336089698309946 0.22042279559177588 0.09072216219184917 0.05290472276237874 0.011483478302900103 
0.017416636869733434 0.02606283449092246 0.053552430710291116 0.008292728541738311 0.2552192459261234 0.09554814105058218 0.12347709740293067 0.016367220721753537 0.22568567209812987 0.0439357839549762 0.12566781053229775 0.00877439770052087 
0.009990463245450911 0.039420254336078535 0.050273584858914956 0.07952392749791065 0.18279090365564366 0.18871630875043646 0.13500107431119085 0.032133244142245575 0.07558837923093423 0.10012370750278776 0.10017197780559213 0.0062661746628140365 
0.04079938192735976 0.02144382198047095 0.02721127956312855 0.02983472997038808 0.25901262137054315 0.12644996660510555 0.17282435737291038 0.03096576211149567 0.0801121751070863 0.08813764645865509 0.11245390816968993 0.010754349363166594 
0.010645397800500594 0.020994972296044453 0.044269954044980804 0.02578629935600966 0.2743781467235959 0.11861550808330573 0.09798686169055773 0.02582172762285088 0.19246109999188124 0.08087720298585115 0.10004644786020553 0.008116381544216261 
0.00903117032181089 0.014755666696920085 0.07592539527715535 0.008450326913753255 0.1947630375977542 0.13007431197052757 0.052628708186164136 0.054199372597916934 0.2730744388644465 0.014777040770604951 0.1417734197157382 0.030547111087207854 
0.023058950380784426 0.03371644551237975 0.051123997987635554 0.05172472751806154 0.20289618241726642 0.156001359905353 0.216169391666632 0.04135192304189687 0.050143621034749376 0.08076413917685311 0.08155813530029023 0.011491126058097628 
0.026373876321084747 0.03970110438785081 0.020864223258454495 0.021969936050283627 0.32266312702930117 0.25509846496562044 0.07415425780381628 0.026200975310944216 0.09218344370163108 0.04701728542744519 0.06918144393892513 0.004591861804642855 
0.0312635313196384 0.014967667526584242 0.06382860268452631 0.034724394544500915 0.20776168773176742 0.11882338352641286 0.1688434357233315 0.041961883493002165 0.07106029115806986 0.07635042420730347 0.15531424286665618 0.015100455218206497 
0.025437683788986545 0.03179851936070404 0.2296253880565503 0.03709199805717009 0.25591687725124707 0.142074069388619 0.054277918764657686 0.011944659383021722 0.05356943474846773 0.0639137366489345 0.0891595634041798 0.0051901511474615365 
0.02079489738652028 0.03817469469273426 0.0330153076097638 0.018441770847137884 0.16203423910936804 0.21031851304727234 0.09440706780035918 0.06723336117838978 0.1442411702237548 0.06529102591688915 0.1423736476231798 0.003674304564630942 
0.021991699421825897 0.014550147122991379 0.05116806852033705 0.03543240326808316 0.2041990837108902 0.2100469826311365 0.15038605233391095 0.05548421367432951 0.09988969735765946 0.06379641178470631 0.08379354484819403 0.009261695325935505 
0.022850185629377105 0.03103934351640431 0.0612873394660657 0.03990276293957235 0.2810578261930607 0.20923443824052954 0.11222694781166155 0.03091566955473587 0.11262972982736134 0.05740175014314742 0.030432294173787153 0.011021712504296823 
0.03644262068453169 0.012614087502395297 0.06673066073670379 0.02506628839234999 0.23024910101358848 0.11922814370740309 0.18476028477133413 0.027098844745723032 0.1701450129602245 0.032546883926070434 0.08474450998336694 0.010373561576308801 
0.006304301487959221 0.03481501135780157 0.043229780270623616 0.03258683530490512 0.30540523401762804 0.21087914457246323 0.0760572593212687 0.0391401165401461 0.10227174477833871 0.05003698864173777 0.08606632380786042 0.01320725989926749 
0.007228147759367184 0.0638161992821922 0.05817648808167421 0.005232232113095625 0.3515787735653231 0.1663239708589428 0.1374576328198464 0.02090864867506661 0.15858547959448585 0.00633193092904996 0.008803423398115354 0.015557072922840805 
0.008376681468527455 0.02649596051498487 0.25318239987741775 0.020545223901808685 0.1316370971222644 0.16302745612112435 0.07004364038090104 0.05599258632605986 0.06630676969694223 0.04667842477787324 0.15159343755107213 0.006120322261024095 
0.022116243693055888 0.03027254735175175 0.016102932691797068 0.02131353686297807 0.21676608180570772 0.11898603072211458 0.24393303378777853 0.04462771515626334 0.11469788602010826 0.07700209717511612 0.08045515983342313 0.013726734899905512 
0.015074066034921365 0.030318653628267488 0.05498432397616072 0.009303633734058795 0.3127294035557687 0.161425162279222 0.18784869633860501 0.019617075930941835 0.14763583440474817 0.04019626368531706 0.011547275969834426 0.00931961046215442 
0.027549446273314033 0.028704240225235825 0.06396098305981938 0.03494380478810979 0.2144446855632445 0.1668922428352108 0.16051704850776724 0.04239468340343621 0.0944839496956504 0.06859605196146498 0.089779659533936 0.007733204152810764 
0.013203894117996077 0.01984483004603865 0.04401213579792414 0.04410873661813179 0.33854465394341277 0.15565321338063956 0.15751208917848744 0.012916702515605625 0.1454698014211539 0.049621956115109736 0.015460178176523268 0.003651808688977255 
0.011557885652764931 0.022741931833770733 0.02162861709169617 0.06741084176907378 0.3348630450179 0.19903923932315762 0.07703741170817112 0.03662526783110809 0.07130059529972686 0.05167617715320019 0.10219512653255772 0.003923860786872781 
0.024001107341438736 0.03108702259695491 0.06588414596744803 0.03092117175110952 0.3005387583569729 0.13299649434888458 0.06945702143755988 0.06117229880002389 0.11997350330595685 0.06668108394992774 0.08831489375518992 0.008972498388533107 
0.02055938187580405 0.03876284057963555 0.06182642982283981 0.031512015932259496 0.18248290242462453 0.20400674303904076 0.12051601189529172 0.033611966654228956 0.15578170084358808 0.048828075787485554 0.08260218270099179 0.01950974844420982 
0.016872928361048017 0.023761969144819033 0.0459340453659672 0.04277974353818448 0.2734772827106248 0.16359716004655875 0.1317737545055955 0.04773659915611793 0.11562075756774631 0.05883689780788002 0.06993310076563891 0.009675761029819008 
0.007805469587905217 0.013202278904304235 0.028547496448964087 0.004285736041149112 0.46398035516452757 0.15065403649995712 0.11608670656674332 0.00556381536091567 0.1333825383351852 0.027374260109022896 0.04567041270661999 0.003446894274705574 
0.016925902714485963 0.0378417917401295 0.06846232419749251 0.05239235669116251 0.3138908215508065 0.17446664669817338 0.0710471187988725 0.05406449548110643 0.05914923702038418 0.052271247249496444 0.09386191431523933 0.005626143542650698 
0.031258167186835224 0.031020349341362666 0.06106510771424688 0.05829629084370791 0.18245263315503712 0.2050360181238805 0.13585110125204403 0.03511033805618298 0.07165627633368438 0.06707641064226103 0.10032922960424163 0.0208480777465156 
0.007657618967220282 0.03202410947641526 0.058518382872674565 0.036329981540746195 0.1610077887083591 0.18243326130219084 0.10467968046560384 0.05286556361224428 0.17313770082663016 0.07140528741696019 0.10896964032339125 0.010970984487564242 
0.020000077702657902 0.02441078781446056 0.03978176744070589 0.050579030957679114 0.25407029985490154 0.15493846760295057 0.12539493286611356 0.03309304437436651 0.170115935621529 0.035552898747143444 0.08451645589239269 0.007546301125099246 
0.02349313128649939 0.04224443950673406 0.029715025630116614 0.04898754954120925 0.21081203950901492 0.1619127877577476 0.16985589860914616 0.04265772494637268 0.08505066415157994 0.06605135008256847 0.11511667637385532 0.004102712605155507 
0.014357406653840731 0.04787178552211372 0.03903525791202408 0.03461159467773349 0.2454050476316186 0.13699926390546743 0.18818708446664154 0.02704524589607399 0.1223268277306257 0.0675613284360359 0.0686188996333961 0.007980257534428725 
0.00552328554689402 0.02606967899512088 0.0583498826400364 0.022233323031181588 0.18561453843281725 0.10931048377700672 0.10494219537402283 0.04876375683646257 0.18450940369159652 0.03670041752180179 0.1978821765576751 0.02010085759538428 
0.013668421360034466 0.02443092144438391 0.045233866337850856 0.06706873958847148 0.21009520692827596 0.18752109463757996 0.17214122314450728 0.049692355141140655 0.06863168676247038 0.1121099622630308 0.04363450035511543 0.0057720220371388605 
0.022037552161075474 0.030448363300677277 0.06215331858805896 0.0464718127950874 0.2113556597462551 0.09910278746151277 0.17811490497960303 0.08450315515827127 0.06833794418290237 0.054534698220745026 0.13841408244924802 0.004525720956563302 
0.009116837578064415 0.017224929151743944 0.032440313442268214 0.04123062333384036 0.15160495018964024 0.17602109373001668 0.09187863994652888 0.05055753107645651 0.24458173757476026 0.06110814487673833 0.09287942140264246 0.031355777697299726 
0.01340940010636615 0.02928377040202051 0.0642618319242766 0.03197032741979573 0.2297487904273201 0.1440188518545638 0.09829085948798089 0.027941241910272023 0.2027377581421889 0.04574609375050811 0.10351244347210005 0.009078631102607062 
0.008642742618560332 0.00812872484539215 0.033725905799812654 0.039070617060075724 0.4161029809819359 0.10336697168876677 0.12630899340182086 0.01288713933269699 0.12385544633424704 0.05049167549585669 0.072706299959827 0.004712502481008032 
0.016710529864793534 0.02438524149668415 0.08372619053148153 0.06081261126533732 0.2205418364495509 0.13060120941809078 0.090667411567787 0.059549644465793014 0.13657292011749572 0.06545164509705369 0.08742714760892813 0.023553612117004154 
0.0661213585468559 0.030127299805944537 0.030110923949718177 0.03372755751588104 0.22552273876843673 0.09828819938415932 0.21027196474941687 0.042847405451878526 0.10684351830190207 0.05402759436987699 0.09442864142951997 0.007682797726410172 
0.02443124441725168 0.030010832383759543 0.0410451358840336 0.06302897121617966 0.32661665819584573 0.17070539445946153 0.05410836914040661 0.07442017009942346 0.062490838954016546 0.062156930623443296 0.08708545903191263 0.0038999955942656066 
0.02106760986537599 0.04281696031051056 0.04350384464285947 0.02690405257710185 0.1947546500893953 0.1451666117877406 0.267309425717563 0.028460774528785513 0.10331664029687014 0.031333981654879585 0.07671343453870119 0.018652013990216806 
0.016026449654806593 0.03383394242509544 0.01728866743761193 0.049502694290861717 0.24267830406205596 0.15444228056688888 0.18315650456093405 0.040611889696433694 0.06414129207615017 0.1040507331156432 0.0854449170938417 0.00882232501967647 
0.01774515687163727 0.02788333974597134 0.03069424983819575 0.05008466860879508 0.25266786103659655 0.20624994383494313 0.09469293373387842 0.05006259901174825 0.1472101828133273 0.03279412142446408 0.08093031428993151 0.008984628790511259 
0.06479529528182482 0.10145982762598496 0.04929259981770795 0.025119267734039646 0.12496269901332592 0.1659468695660058 0.14850491073763453 0.05929444455997158 0.06600946288744815 0.04404031014066761 0.14357919211884848 0.006995120516540756 
0.01576917946392877 0.009515731557958448 0.03455417804613724 0.03386853435112259 0.34374117555482253 0.11478005381545495 0.1999553523547707 0.009572655181184669 0.14746524010504636 0.06383393974593923 0.0238347479231782 0.0031092119004564366 
0.050139387914626285 0.011149073432138277 0.043339627639722905 0.01887145715519803 0.28577933793485927 0.15130502013426256 0.12847293340406246 0.01861931025358058 0.16582275844221092 0.05486041588830104 0.06780720682538964 0.0038334709756479963 
0.006111163755647915 0.030719298811219313 0.0489895839348663 0.04371101112271558 0.3242692631476244 0.16040499682363493 0.13081707690416128 0.031232919948070453 0.13907406331449285 0.03186253392403467 0.05148766432122872 0.0013204239923034276 
0.03055418344602609 0.025388615642084618 0.05608484901712777 0.042247814498726215 0.2548430395610621 0.1440755027284705 0.20179910699534487 0.029996962097758435 0.1155729118334382 0.03355712696730907 0.05311475158809218 0.012765135624559837 
0.03891974761062826 0.03178304733251968 0.0892055128059401 0.01585399108351675 0.17703670236247832 0.13030918661265897 0.09563011718734991 0.044127728904848285 0.1501953659084474 0.046451104692123116 0.17042991701123492 0.010057578488254285 
0.013660065450920219 0.07094131235629818 0.07062748759442863 0.07448981694003033 0.15405584256980384 0.16517916468903385 0.09827063795543448 0.03246786976912189 0.131658213681028 0.045080289835786505 0.13423005271293695 0.009339246445177113 
0.0033144547245814284 0.003668815147078937 0.019794076380993616 0.003977493152753419 0.38000147252601885 0.0246320650110022 0.3383439353870486 0.003693107579731144 0.20602718295197525 0.005027978837841965 0.008438725210404568 0.003080693090569813 
0.002342613565797064 0.04315185607864901 0.06621413465669823 0.017288279864769496 0.1929677983336032 0.11532033311088075 0.10411952914370404 0.03611004174571135 0.18893841117356383 0.03990694309364847 0.177960768691368 0.01567929054160666 
0.014089409847576164 0.0754914964643342 0.047973247526487996 0.02267342887611614 0.23060652630193007 0.12376412083793682 0.12241299968766957 0.037249822882436924 0.1561923258987383 0.04499254818736624 0.12099558545465584 0.003558488034751829 
0.014678494248405517 0.03036528306525368 0.02010444978059167 0.07462792500037099 0.1587969373449449 0.14561100832065896 0.23181040465908928 0.03675752954525766 0.03973153504241424 0.050310201302472594 0.1798474906239919 0.017358741066548906 
0.01173663422627392 0.02615041015663886 0.029645752999225283 0.010120727619200328 0.2841889140287381 0.2075796906286433 0.15063944482688252 0.0442731174350519 0.15766678978341503 0.02271891903874291 0.027844603885409797 0.02743499537177812 
0.006204596273117795 0.023233566230572822 0.0647490526247683 0.07358432172357002 0.3212069246946654 0.132576904288562 0.09261390306054423 0.05133013375537245 0.0463733709431597 0.04898754143978566 0.13608543460177586 0.003054250364105839 
0.02043632397870605 0.023659345334337074 0.05532734781226813 0.049573579379367606 0.21547106661743545 0.2579396890642852 0.03466927285430942 0.059114736685652085 0.033416958602813004 0.05022537899682258 0.1967965515811211 0.0033697490928821278 
0.021504740591355178 0.044686152790419494 0.06550736573664794 0.043722413421099185 0.27552053871181487 0.1881620661871215 0.08478900195726177 0.06407231766266595 0.08454745287090182 0.047061546681719225 0.07663714843777157 0.0037892549512217803 
0.019164519302891318 0.02950792184852318 0.04808748338823071 0.04378456197654337 0.26827736922104717 0.15469145725266847 0.16549900209058702 0.04896412592281526 0.06564281578974597 0.05272522742766313 0.09204684526674063 0.011608670512543925 
0.020890996791470152 0.04217725028757597 0.06378906928169924 0.0651099535268333 0.2643031118763797 0.20350676796090372 0.06007939607754026 0.03283076932622444 0.06697867106945946 0.0609543956113465 0.10514625455135071 0.014233363639216444 
0.01845395909861115 0.035876381199361186 0.05505194510122663 0.15799031056416224 0.15205574713310466 0.196928754004997 0.04331259866532861 0.07026782673392139 0.026251901054958032 0.02992894530772165 0.1922260112342842 0.021655619902323415 
0.00455052944813587 0.006782571147610187 0.013392991084409382 0.026184970957247023 0.3952651990158082 0.15395531837942428 0.09957552453122076 0.05912493710583388 0.07062584906578785 0.010066646743331971 0.15641174666437482 0.004063715856815689 
0.01536670045124891 0.039965148576843704 0.06172798887630161 0.0333937743256621 0.22464895343052618 0.2401112944580444 0.07600447621447129 0.03685127143764874 0.10641256260872356 0.09692354898776262 0.05702660757762157 0.011567673055145158 
0.013585200142860975 0.02459609623667158 0.04325770070399637 0.023151553227845862 0.2774684452564044 0.15691919448696065 0.09029423280146968 0.05923266351442433 0.15177538714894875 0.059529980438794684 0.08021457697845084 0.01997496906317185 
0.01975553265160793 0.026911417353581258 0.05570065041796549 0.047061250072163774 0.29385880118969526 0.16486545452744344 0.10759548172859021 0.07306463236345392 0.0657170543856865 0.04191890823255982 0.10019501529095041 0.003355801786301993 
0.03078487663886158 0.007306759946129735 0.011351079082311588 0.007992705162545997 0.4091023916926606 0.06573568826202467 0.2041821715029015 0.026903345344540405 0.1704483200013667 0.011413981739209657 0.03520528938384132 0.019573391243606263 
0.016845736224992122 0.054491325750619504 0.036195499433410994 0.057812410734707546 0.30608587116957303 0.25077728490639833 0.028163592972414355 0.04601775442467679 0.014997632803922141 0.057981562104837236 0.11633988844440722 0.014291441030040881 
0.00370847708032697 0.020802333966710915 0.028885813506797864 0.003843965332992113 0.3900176924044285 0.09327978658698152 0.16477331495649458 0.017756637403896772 0.15613369003572825 0.05166867096377708 0.05917018800210791 0.009959429759757594 
0.015131332892515241 0.016711792027793895 0.0588684760212868 0.035552741365732894 0.2636515397904316 0.1672985393061634 0.10935014160419662 0.04423312617855037 0.06478791071988917 0.031828310503990424 0.18782547289095897 0.0047606166984907345 
0.01772432181417971 0.0623792370183419 0.01982604226751491 0.05325390396500091 0.1863402444575241 0.15388355318002298 0.20282396077588352 0.008084010157567016 0.1324470882534599 0.10615717267677245 0.049722838057080346 0.0073576273766523745 
0.013515384774286194 0.055046429942565915 0.07361511618940515 0.028757935768695113 0.25499622290457596 0.1523704492359124 0.12178180233859323 0.03864362519756022 0.08504037643743545 0.04126598330997255 0.13060265611286487 0.004364017788133084 
0.011028776931299616 0.051232795559607226 0.057215161370295066 0.02488795746935155 0.19683956450458218 0.14876224310190514 0.05055658983862876 0.07748033471632278 0.19605484731148617 0.07723638857373269 0.09862337815703699 0.010081962465751685 
0.019334970181234326 0.019944591958629104 0.03766875955690028 0.018430327409973583 0.5445675060975768 0.10020979024121078 0.05552992754958212 0.023701406463629 0.042656255968384085 0.04747248049921934 0.07814530921618097 0.012338674857479425 
0.009356610200076365 0.018596862211556847 0.06262942605922513 0.024321397885455395 0.4139737311982369 0.18106399363101683 0.046705990780135744 0.08520818570336114 0.012580485139823237 0.05713501417490814 0.08310189520137265 0.005326407814831697 
0.012314826161043742 0.03929299540143184 0.049248348395504675 0.04637352238695927 0.3108489932258327 0.1921288155513078 0.07468941661852209 0.047837770527098145 0.059867796443088456 0.047575305054832005 0.1075481601840854 0.01227405005029394 
0.007813818948818973 0.04396167881087492 0.049272037602056 0.041474914596205496 0.3297355827432793 0.2615491700078933 0.054459635354928086 0.041298061787216726 0.058071823209548054 0.055958288033505166 0.04654205020995049 0.00986293869572344 
0.029720795330611057 0.003967011731100382 0.00621243790043022 0.0041549329730292 0.2456532697234559 0.08255117846272357 0.11646640634152045 0.06671076946674806 0.2585002451417584 0.022673276225165333 0.15133907871139224 0.012050597992065246 
0.017052685294207073 0.036638650632283644 0.03136784522372909 0.030050083918038203 0.260130205165505 0.06854855333068738 0.12655040940115875 0.03728961331761818 0.21795141235289295 0.04751122741545728 0.11619740582905001 0.010711908119372556 
0.014398090401350492 0.03878615524761236 0.05020667320626508 0.024299429919326723 0.2624333849521578 0.17319980289098244 0.08611522286111707 0.056032321094774185 0.13847927010110722 0.06279079836570642 0.08398138183938691 0.009277469120213383 
0.01955226728155352 0.024477736223800235 0.042928913984347054 0.04334238807250644 0.2067468702733077 0.14553426904326275 0.07495261972935476 0.20578679375964118 0.014995858602279494 0.05404715022186313 0.15632037588149533 0.011314756926588418 
0.02039544984994601 0.05619330595624629 0.07335800816515493 0.06271679919074641 0.32871589406825225 0.14924208004996356 0.03827858886633289 0.05204045436866275 0.022396826902327853 0.042602822418979565 0.14682406534733797 0.007235704816049507 
0.019709604532089784 0.025910903804339486 0.05006768563673464 0.040528163969640055 0.29043672002391885 0.11786040641896096 0.013936169917248886 0.046278985349908756 0.01201492014063042 0.039911360868261345 0.33195819591198783 0.011386883426279158 
0.02697458154687441 0.05006551070143282 0.09725640952283941 0.051507499520245324 0.3198108818107496 0.23239833216675015 0.015940565354629132 0.03946425954116873 0.008032582929261494 0.06333416410123766 0.09295767956394754 0.0022575332408639594 
0.013594787269722254 0.026794372071984138 0.13284492311002802 0.07408322626317489 0.20706699157212927 0.16665947118818983 0.012798179733873132 0.060890055225788095 0.010661941534765086 0.16390510547558845 0.1289143174584427 0.0017866290963143234 
0.013117523720706854 0.028322701215562907 0.06778055045402308 0.05130275836390618 0.2744096241725092 0.2016215380940765 0.01071118960553409 0.06057070354530772 0.027456551064200276 0.07731257864346687 0.18154230340093044 0.005851977719775856 
0.02371965772316836 0.03543896248290456 0.011925934127336685 0.051321321901455025 0.2338271286964998 0.22404987482502656 0.010282521972788596 0.06743050319985915 0.010195603588695727 0.04303942806764671 0.2663007270378409 0.02246833637677776 
0.02486585933543164 0.03118848856731927 0.05539509120973019 0.04466857502892974 0.3372123493783594 0.1649133708956591 0.03615889349788309 0.07095559603611416 0.014694210061954125 0.019938092707689484 0.1941302321119985 0.005879241168931346 
0.018280599926913974 0.0672877664824926 0.05118334070768676 0.05685941004663194 0.27753417665933106 0.19022652280537095 0.022338049753136604 0.06775372268012941 0.020236982370725402 0.050808239825827085 0.1652630464930715 0.012228142248682858 
0.13861370738748519 0.1212843700222929 0.023318620113484654 0.024883717884072457 0.30825918446023604 0.17269381207833212 0.03569933790989621 0.01879014153596426 0.008458321953822078 0.06102803436150911 0.07859439543420493 0.00837635685870011 
0.1091607266268461 0.0350051173804415 0.07654013843447702 0.027194256808056136 0.2051058614135509 0.21263742771386349 0.02307115201680572 0.04980152000467209 0.02270407100898927 0.024734457497556452 0.20948125001640605 0.0045640210783353405 
0.03358312279914793 0.022653099768354952 0.06601142539223671 0.04977461495457785 0.25539723628125743 0.17285010385866814 0.019890397671501518 0.037977323177220995 0.011290068650310956 0.046648549873772024 0.27957744459081707 0.004346612982134515 
0.018678280665767245 0.015399903660445599 0.05222911465029818 0.03633611098203355 0.37147930562051307 0.1370786601478312 0.07917758952789469 0.039596437610719015 0.04008287680704811 0.05301097118171426 0.15059295990194302 0.006337789243791976 
0.028314703122088804 0.06386139119591223 0.08489164147867159 0.026043515452996328 0.18863525822020233 0.350409432801072 0.02306613696755053 0.04364211867059056 0.02615662660519808 0.055623714282237814 0.09615328559046901 0.013202175613010486 
0.01642863349223918 0.05208515211528331 0.013278392303901475 0.019076683706422005 0.48184761811859844 0.16707857279252813 0.04113270554085933 0.0319050549155286 0.011899919260724354 0.0386751933151684 0.11996511572250326 0.006626958716243421 
0.03039303915493187 0.04817266385035727 0.07677120855796701 0.027849459823861902 0.2514086588870763 0.13698891698757001 0.00746167331395791 0.2858583914070509 0.002776477752437826 0.03207321495267569 0.09432678320249055 0.00591951210962278 
0.02985362462705111 0.024585982931704334 0.044858728875011855 0.04408450519734525 0.4499702689420751 0.14924119687389378 0.028299349073232997 0.06098918612985649 0.019552555905305965 0.04763409133303192 0.09571796629576976 0.0052125438157216005 
0.01606572800882759 0.03423315588958013 0.09212675606554482 0.054165740441632325 0.20056668593122431 0.06208597964942902 0.008598623505301514 0.09750456522910644 0.018472357835838716 0.01727039356762634 0.39424419663869786 0.004665817237190883 
0.03685864246072695 0.04673948507102991 0.029601773671852974 0.030747841414457834 0.39217820738861925 0.1491862309714624 0.0409224075803364 0.037519864659028124 0.03714409733316287 0.06360317914724246 0.12096288375870143 0.014535386543379427 
0.018933607205056796 0.013048393637667516 0.023081757730042004 0.02092906856984747 0.5058535196888096 0.17086625903748506 0.015053773092229774 0.0333840464211076 0.017888489602591727 0.07401640640608938 0.09982817163299866 0.007116506976074192 
0.024345462938582866 0.0789644122433271 0.04903771886950944 0.04803789920786292 0.2861738213113299 0.17279691069221878 0.04739406918478524 0.04649163425519228 0.01828014358402053 0.08981559566481363 0.1362895953139266 0.0023727367344306242 
0.04710006595268566 0.08894468325072823 0.030729357633265345 0.0415565683593913 0.36810879556184467 0.16506472428688573 0.02676618838871995 0.0928036977233522 0.015729515188271186 0.03728834508898539 0.07850029207334885 0.00740776649252127 
0.0215821552929763 0.08395754173075126 0.05643900176553905 0.03286940059908582 0.33173073528887576 0.13407156983866053 0.0643809021935376 0.08393823544992841 0.022104792775886742 0.04457448908035152 0.10656077441919232 0.01779040156521465 
0.038286049834368764 0.009334324525186424 0.034629884447211975 0.0031042547207096433 0.32901802749588516 0.2422305042278393 0.017830597499109885 0.08153157311525887 0.007806536104738845 0.09588769095963463 0.13772788895450494 0.0026126681155516176 
0.015922796227534394 0.03182510883209671 0.046043420659300865 0.02116892523001863 0.42107483246014327 0.09795634318935997 0.03776678623063793 0.014760324486931759 0.08648817765428803 0.16407277104715656 0.050158015218712014 0.01276249876381979 
0.10923451479696421 0.07352190566393223 0.034923130667489075 0.06915951672493872 0.2483193052863142 0.20467235081273266 0.012570870595371137 0.04912000458514373 0.0055695949100446045 0.049900936247898764 0.13978915058861896 0.003218719120551654 
0.15723819483638043 0.0966044843035565 0.02982236119198183 0.01936063748910228 0.290706319189137 0.19764239993767 0.028229209270876274 0.038080438132697035 0.006521265305169919 0.029380166801676585 0.09769762021083646 0.008716903330915663 
0.021381892672128474 0.05176606882507484 0.021535890592143777 0.04532247720608072 0.16393741348974664 0.2373938141765276 0.04331195493100605 0.187105621504615 0.011200504926713454 0.033918396737282835 0.15871537416505363 0.024410590773626936 
0.02110594021546328 0.04500586881560787 0.02692366565989378 0.03329824215239168 0.16321232786450213 0.20924028604038927 0.05389573317498415 0.21095039142735414 0.012930484534192205 0.03813406053660877 0.16081516220170333 0.02448783737690937 
0.03488953719419309 0.0750923631763998 0.037411100767020075 0.02739121195869042 0.43017489504723133 0.10534345445464229 0.023776153975324763 0.07947093088978859 0.02007982761828738 0.0715919390432756 0.07245291546594855 0.022325670409198094 
0.016863557755001073 0.01739451530135588 0.03655742414622643 0.018541029618293188 0.35970112298727097 0.14001514991006814 0.021611982553742855 0.06592153097472894 0.075992173567893 0.049382258431515856 0.19383664689130795 0.0041826078625956855 
0.0574498733754551 0.07120179719910663 0.02169281122822223 0.03813922942794814 0.1887548592876156 0.14419703474266227 0.14654532860585737 0.11030154779898785 0.019059522582256697 0.05337624039875635 0.14134662067256737 0.007935134680564563 
0.03390662670876305 0.025328774835709115 0.05095419392775366 0.027491637460646777 0.2976621766183028 0.2218241949045119 0.036093850862432636 0.02978447808021587 0.016832652880938485 0.1165816687030278 0.13580103223087459 0.007738712786823295 
0.0714370696435546 0.05309326037840624 0.009289694445257183 0.005674794831208081 0.6032205011158165 0.06397387092515444 0.04870963309362555 0.02053868995669044 0.03332557268193186 0.023620407281763806 0.06109401307664783 0.006022492569943724 
0.025634083287912002 0.0481406903835757 0.031103812536364742 0.050178410301562 0.3447795727176089 0.20618465030722413 0.024941263605836525 0.03923983409170244 0.008754719768794566 0.0912887533808468 0.1256883102959962 0.00406589932257606 
0.009990347471656823 0.05930742703688496 0.05912220446274893 0.0747928888805733 0.11924959002209282 0.33851745654955795 0.02562785106761889 0.037066328473083915 0.028216995938035224 0.08243552311431471 0.15811030454411634 0.007563082439316031 
0.05237322597840702 0.024734498992936116 0.07293016058208068 0.024270956863753003 0.46392620159261416 0.17983294457688614 0.014458472359938985 0.02021212815434199 0.011439712443864937 0.05490687205796357 0.064250129825504 0.01666469657170913 
0.04139321452765437 0.011807898183698394 0.07885324278518174 0.03456417698380894 0.26589695376550004 0.17155045181024747 0.038368292485171575 0.0435461852889425 0.023196325552651158 0.09033819714361542 0.16483193317601907 0.0356531282975092 
0.016184236411118727 0.03910567143203951 0.06094568015976805 0.05588482920027592 0.43003839428428553 0.07461713303686282 0.011590420378191095 0.03361117566228953 0.003054630441749067 0.15484096194386224 0.11740426520562766 0.0027226018439300346 
0.02488496504847779 0.04963742260241755 0.04140825341509722 0.05640331922471116 0.26418812727890195 0.3026124311056909 0.015452413526369037 0.03504374419662147 0.00852356674819819 0.12036977877979961 0.07815556488696204 0.0033204131867532664 
0.024267997840867913 0.040155651816646695 0.04449040867822932 0.022514053854048956 0.43390932893858625 0.26429008293122475 0.013133120541980164 0.03442555772089747 0.003618665427019565 0.038290410399664424 0.07898967910025405 0.0019150427505805127 
0.029392619164894246 0.03753287675635902 0.04381616162951724 0.025009806052326455 0.3591504867093128 0.2759047092641368 0.015600916039831566 0.056116739610886465 0.005690970138759436 0.043872116344540295 0.10465150141097886 0.0032610968784569537 
0.026920674524978462 0.12075867707883213 0.0658135612618936 0.04370005584761577 0.36875940032481774 0.1456743913644508 0.03357520978240242 0.02176242003345661 0.005035725992026928 0.05143243500829499 0.09276147884839309 0.023805969932837314 
0.008149099113821468 0.03866304833115964 0.07649436886036792 0.08501066510444939 0.24951071987295756 0.11931610845623446 0.03360299937311554 0.041198280863076586 0.012949157456492125 0.1738856716775717 0.15857441457796936 0.002645466312784317 
0.03910755074534468 0.07861436758725983 0.03683677180466327 0.042084365066408384 0.32109931753347504 0.2502474105856739 0.01620601167913789 0.04079401978583686 0.019784513985900407 0.07592179922005926 0.07509613073348001 0.004207741272760533 
0.010661772669634488 0.01831965109933148 0.0665109236459203 0.01854263078644381 0.4059159112209665 0.1410213169927262 0.09321686478243066 0.04953736158215696 0.08865854549612204 0.026390647137021002 0.07251538542106187 0.00870898916618477 
0.01999327832695222 0.048913889003043574 0.061609389905640494 0.08751866897733923 0.1874778167872164 0.29230634108765524 0.019520602841549054 0.05311411334780943 0.007653787739780097 0.08720196330583158 0.12530285062345714 0.009387298053725523 
0.025300860030850202 0.03732253247837453 0.0400364837787404 0.043633644280035674 0.15379533776369617 0.3179085552858642 0.0067721931757021596 0.04964072122081412 0.007532959604545994 0.12180734578451896 0.18320573915236224 0.013043627444495411 
0.04215040274161909 0.05373970791310987 0.04548116207954091 0.05213117934452094 0.1629753445067296 0.12601325962964266 0.025820547545713113 0.03385697718192032 0.009889827993450142 0.019753278232923284 0.2540322057060713 0.17415610712475874 
0.21587156712135985 0.09361204684801713 0.04172640251678556 0.1032763726332612 0.05675984476874422 0.1712616387998406 0.021761123684689573 0.07915330081892649 0.0234466412866853 0.033991509556321964 0.12032483215508187 0.03881471981028621 
0.030397764299656287 0.057499274563132016 0.057525296305816556 0.10699586461860049 0.18770356695178142 0.17915617097977238 0.02313790933692824 0.09416257682818134 0.06702778848921806 0.09595776605105456 0.09855040063937917 0.0018856209364795657 
0.02977467347116946 0.038454455577033024 0.02941878711670327 0.025735750872603286 0.4285425111210852 0.19492973019336415 0.032410546728362286 0.048102394226620715 0.017259266882430586 0.05051503197657393 0.09517412546698249 0.009682726367071678 
0.02122826187485949 0.04098777563729376 0.08225558285400213 0.05606955077171102 0.19023862725350696 0.14259429328274661 0.02185688428228106 0.08088884367053706 0.03179456780923766 0.06825475463957612 0.2582533713981347 0.005577486526113463 
0.020262967458792334 0.06609959176132213 0.044661817528090675 0.07081698314320205 0.2102136852056968 0.29385563376139845 0.016778158905210908 0.03806316400473737 0.006551681040874701 0.10244058069500864 0.1138664894573355 0.016389247038330373 
0.0170430272198897 0.05394719137226299 0.024420348765395866 0.0391636698726969 0.10523977636125409 0.2376759118587226 0.05004503896750752 0.21725490120366253 0.013016230914661562 0.031126012387303392 0.1818328168231692 0.02923507425347365 
0.11577282561059338 0.026338703086522513 0.05539366795408848 0.04808400545880885 0.15252497564416428 0.1771757428739784 0.027412792608511274 0.03710354625816261 0.01172954995529428 0.07867302151186664 0.24477399173506875 0.025017177302940535 
0.028721028922592113 0.03658937739055924 0.03813835318661354 0.05306989109313381 0.334732687160177 0.2128401423818858 0.011069659911500223 0.02866762373795303 0.007331530865446126 0.11305769332304894 0.13226620010394247 0.0035158119231475018 
0.03187204037773207 0.06573893810539592 0.056825228513122196 0.03686142951078968 0.17707630028844187 0.212246245916496 0.01496241123651737 0.04667711190714118 0.011538530845901927 0.10114124255853892 0.2335740968962658 0.011486423843657103 
0.021285172966858987 0.021895391907593705 0.022998198835564167 0.05172023265757754 0.27510646509244097 0.13624503900715657 0.19344875819150742 0.04910444948111904 0.08674102251432128 0.04209431182872463 0.09028575737744787 0.009075200139687612 
0.013953566014038278 0.03213616159727056 0.020117444933760636 0.03577600979274685 0.33810842520908674 0.2207512333189905 0.027143433924619712 0.043735453811103504 0.00952093021972711 0.07720916249523828 0.173087990075145 0.008460188608272858 
0.1742066874683566 0.04144241657190592 0.03145113654668323 0.032373284818814616 0.2426635819500695 0.16649467529766276 0.04797709454070307 0.03785364349541923 0.04724284452172459 0.10279937949762391 0.0652674184583366 0.010227836832699956 
0.022516615424945867 0.059640550274559265 0.07011564418785561 0.07217456310910816 0.14651995553358282 0.18424821730009053 0.015503529223563609 0.06428752238339927 0.005990157836234048 0.2555050630369128 0.09960705106918209 0.003891130620565749 
0.03591565359560095 0.06912043259706227 0.03674346766753964 0.06767448645509448 0.18236041403269748 0.24424773844814954 0.016577937827302814 0.053342606492895295 0.01265763116346318 0.1534267799684571 0.12281319029442692 0.005119661457310262 
0.03203599189020852 0.09454628825710505 0.03982719209326745 0.07015542311036917 0.1076488757683265 0.2929515525121313 0.021002599002392975 0.0306826590321885 0.00526302942073412 0.11159800995495921 0.18996272189207378 0.004325657066243491 
0.02647060648528849 0.08147966018479683 0.05713853826747973 0.05184095224927361 0.15623907683148464 0.36581783340487617 0.021207198507073116 0.018374005639317983 0.006282913919179735 0.06326560636839103 0.13802648024976508 0.013857127893073404 
0.02189650410895845 0.025218166749674545 0.06270521860166825 0.022559402180728636 0.4334569694738286 0.1361391760895428 0.026007840844513977 0.06250000352255085 0.0292266032519195 0.09812850728314981 0.07663531076670946 0.005526297126755039 
0.0672220126057232 0.0031440406786476974 0.011664236132472514 0.0010455928645356765 0.6148927453279914 0.08889020224323692 0.020910771027125463 0.04325306489319009 9.87333896205985E-4 0.05452340230302106 0.09258658418079178 8.800138470583189E-4 
0.018654020259514875 0.0822630736289732 0.040473690989557734 0.05827304228641517 0.17729699537690724 0.36007950138895856 0.02714998781494768 0.04437075415377821 0.013011954592689973 0.06995617013630265 0.0933518059659586 0.015119003405995915 
0.031375144505023274 0.026050818043259316 0.025667576863174602 0.03661855036224324 0.3736057738532367 0.24619642436362235 0.040293894031163 0.04584843654087084 0.022769748461634976 0.0627163511332189 0.08384359835612132 0.005013683486431714 
0.027336101592847478 0.0458669856843752 0.07516917586536286 0.17367646749008128 0.06813731461370054 0.2959424463699759 0.014171787506117648 0.08309230935709253 0.01885274908486012 0.08543289518166232 0.1079595628278827 0.004362204426041444 
0.034716800510615285 0.04800171564037844 0.052602950466765094 0.028030631652597997 0.3501088824350411 0.28943094597708835 0.012912514789111863 0.04301971180984258 0.014466560881939096 0.05026960129411517 0.04920407829288214 0.027235606249623 
0.03861926410048946 0.06191345345505506 0.05890383908808353 0.11782177165845222 0.1541171188695998 0.23371071250037875 0.020225561390201683 0.02817860115792384 0.024328094261904396 0.10261679815891356 0.14276291387636766 0.01680187148263023 
0.015205700142798668 0.04935110176958676 0.08208561364491325 0.18378944340489886 0.12757339126113884 0.16546335147799296 0.015215047661561532 0.08936049005195165 0.009811254722338429 0.08436649374670543 0.16548958470334513 0.012288527412768225 
0.019758524359775927 0.07828082445959059 0.07376333917314981 0.1364112982039919 0.14156247156608381 0.25268001512746724 0.02910960220774579 0.03375126475580524 0.004665908406341222 0.06310123620750732 0.1646518173824563 0.00226369815008481 
0.014959673889280418 0.08527128817993039 0.074328093009337 0.059944748822599495 0.17463382461640375 0.23108423636401962 0.02369064660783994 0.03419195749395762 0.00500987109593461 0.2141766128162904 0.07338997529183824 0.009319071812568466 
0.014789134668873386 0.08738378759226621 0.21058833075541167 0.0665958576265589 0.14255965659038133 0.1633425523233168 0.039823855139913815 0.02602854939545867 0.018832674933797165 0.10369087670470933 0.11779537002123669 0.008569354248076064 
0.00928052642232117 0.05333508991047237 0.08668069659435643 0.08404183045914841 0.13774871666266258 0.22371579971667865 0.01898867861934049 0.08450084793638003 0.01908935257158466 0.15730757284466587 0.11528693648977144 0.010023951772617954 
