0.035256410256410256 0.003205128205128205 0.035256410256410256 0.003205128205128205 0.003205128205128205 0.22756410256410253 0.45192307692307687 0.035256410256410256 0.16346153846153844 0.003205128205128205 0.003205128205128205 0.035256410256410256
0.22756410256410253 0.003205128205128205 0.19551282051282048 0.035256410256410256 0.035256410256410256 0.3878205128205128 0.003205128205128205 0.003205128205128205 0.003205128205128205 0.003205128205128205 0.09935897435897435 0.003205128205128205
0.019572953736654804 0.16192170818505336 0.001779359430604982 0.14412811387900354 0.07295373665480426 0.3576512455516014 0.037366548042704624 0.10854092526690388 0.019572953736654804 0.001779359430604982 0.001779359430604982 0.07295373665480426
0.0033112582781456954 0.2019867549668874 0.10264900662251655 0.0033112582781456954 0.13576158940397348 0.33443708609271516 0.0033112582781456954 0.0033112582781456954 0.0695364238410596 0.13576158940397348 0.0033112582781456954 0.0033112582781456954
0.047413793103448267 0.004310344827586206 0.004310344827586206 0.004310344827586206 0.21982758620689646 0.6939655172413792 0.004310344827586206 0.004310344827586206 0.004310344827586206 0.004310344827586206 0.004310344827586206 0.004310344827586206
0.0070422535211267625 0.0070422535211267625 0.0070422535211267625 0.0070422535211267625 0.0070422535211267625 0.7112676056338029 0.21830985915492962 0.0070422535211267625 0.0070422535211267625 0.0070422535211267625 0.0070422535211267625 0.0070422535211267625
0.0035460992907801418 0.1808510638297872 0.0035460992907801418 0.0035460992907801418 0.25177304964539005 0.5354609929078014 0.0035460992907801418 0.0035460992907801418 0.0035460992907801418 0.0035460992907801418 0.0035460992907801418 0.0035460992907801418
0.004132231404958678 0.004132231404958678 0.004132231404958678 0.004132231404958678 0.16942148760330575 0.49999999999999994 0.004132231404958678 0.004132231404958678 0.2933884297520661 0.004132231404958678 0.004132231404958678 0.004132231404958678
0.0045045045045045045 0.0045045045045045045 0.0045045045045045045 0.0045045045045045045 0.0045045045045045045 0.5450450450450449 0.0045045045045045045 0.04954954954954955 0.3648648648648648 0.0045045045045045045 0.0045045045045045045 0.0045045045045045045
0.003676470588235294 0.003676470588235294 0.003676470588235294 0.003676470588235294 0.003676470588235294 0.2242647058823529 0.003676470588235294 0.18749999999999997 0.003676470588235294 0.2242647058823529 0.33455882352941174 0.003676470588235294
0.002762430939226519 0.05801104972375689 0.002762430939226519 0.002762430939226519 0.30662983425414353 0.4723756906077347 0.002762430939226519 0.002762430939226519 0.05801104972375689 0.08563535911602208 0.002762430939226519 0.002762430939226519
0.09064327485380115 0.002923976608187134 0.002923976608187134 0.002923976608187134 0.002923976608187134 0.5877192982456139 0.2953216374269005 0.002923976608187134 0.002923976608187134 0.002923976608187134 0.002923976608187134 0.002923976608187134
0.003968253968253967 0.003968253968253967 0.003968253968253967 0.003968253968253967 0.20238095238095233 0.7182539682539681 0.003968253968253967 0.003968253968253967 0.003968253968253967 0.003968253968253967 0.003968253968253967 0.04365079365079364
0.16850828729281767 0.0027624309392265192 0.03038674033149171 0.0027624309392265192 0.638121546961326 0.0027624309392265192 0.0027624309392265192 0.0027624309392265192 0.0027624309392265192 0.14088397790055246 0.0027624309392265192 0.0027624309392265192
0.0990566037735849 0.0047169811320754715 0.240566037735849 0.0047169811320754715 0.0047169811320754715 0.1933962264150943 0.42924528301886783 0.0047169811320754715 0.0047169811320754715 0.0047169811320754715 0.0047169811320754715 0.0047169811320754715
0.1198830409356725 0.0029239766081871343 0.03216374269005848 0.0029239766081871343 0.29532163742690054 0.23684210526315785 0.0029239766081871343 0.17836257309941517 0.06140350877192982 0.03216374269005848 0.0029239766081871343 0.03216374269005848
0.49999999999999994 0.0035460992907801418 0.0035460992907801418 0.0035460992907801418 0.07446808510638298 0.0035460992907801418 0.0035460992907801418 0.0035460992907801418 0.0035460992907801418 0.3936170212765957 0.0035460992907801418 0.0035460992907801418
0.0045045045045045045 0.0045045045045045045 0.0045045045045045045 0.13963963963963963 0.0045045045045045045 0.18468468468468466 0.0045045045045045045 0.3648648648648648 0.0045045045045045045 0.27477477477477474 0.0045045045045045045 0.0045045045045045045
0.003424657534246575 0.003424657534246575 0.003424657534246575 0.17465753424657532 0.003424657534246575 0.48287671232876705 0.003424657534246575 0.003424657534246575 0.003424657534246575 0.3116438356164383 0.003424657534246575 0.003424657534246575
0.18749999999999997 0.003676470588235294 0.18749999999999997 0.003676470588235294 0.003676470588235294 0.5551470588235293 0.003676470588235294 0.003676470588235294 0.003676470588235294 0.04044117647058824 0.003676470588235294 0.003676470588235294
0.0047169811320754715 0.0047169811320754715 0.0047169811320754715 0.0047169811320754715 0.0047169811320754715 0.3820754716981131 0.3349056603773584 0.0047169811320754715 0.051886792452830184 0.1933962264150943 0.0047169811320754715 0.0047169811320754715
0.003012048192771084 0.003012048192771084 0.21385542168674695 0.003012048192771084 0.003012048192771084 0.5150602409638554 0.003012048192771084 0.003012048192771084 0.12349397590361444 0.12349397590361444 0.003012048192771084 0.003012048192771084
0.005813953488372095 0.005813953488372095 0.005813953488372095 0.005813953488372095 0.29651162790697677 0.41279069767441867 0.005813953488372095 0.005813953488372095 0.005813953488372095 0.005813953488372095 0.005813953488372095 0.23837209302325585
0.3116438356164383 0.003424657534246575 0.003424657534246575 0.17465753424657532 0.003424657534246575 0.07191780821917808 0.003424657534246575 0.03767123287671233 0.38013698630136983 0.003424657534246575 0.003424657534246575 0.003424657534246575
0.004310344827586207 0.004310344827586207 0.004310344827586207 0.004310344827586207 0.1336206896551724 0.6508620689655171 0.004310344827586207 0.004310344827586207 0.004310344827586207 0.004310344827586207 0.004310344827586207 0.17672413793103445
0.00495049504950495 0.00495049504950495 0.00495049504950495 0.00495049504950495 0.00495049504950495 0.3514851485148514 0.20297029702970293 0.00495049504950495 0.00495049504950495 0.4009900990099009 0.00495049504950495 0.00495049504950495
0.03767123287671233 0.003424657534246575 0.003424657534246575 0.003424657534246575 0.34589041095890405 0.3116438356164383 0.003424657534246575 0.003424657534246575 0.03767123287671233 0.10616438356164383 0.14041095890410957 0.003424657534246575
0.003205128205128205 0.003205128205128205 0.003205128205128205 0.003205128205128205 0.003205128205128205 0.7083333333333333 0.003205128205128205 0.003205128205128205 0.003205128205128205 0.0673076923076923 0.003205128205128205 0.19551282051282048
0.003676470588235294 0.003676470588235294 0.003676470588235294 0.11397058823529412 0.26102941176470584 0.18749999999999997 0.003676470588235294 0.003676470588235294 0.003676470588235294 0.18749999999999997 0.003676470588235294 0.2242647058823529
0.0035460992907801418 0.1808510638297872 0.03900709219858156 0.0035460992907801418 0.0035460992907801418 0.4290780141843971 0.0035460992907801418 0.21631205673758863 0.10992907801418439 0.0035460992907801418 0.0035460992907801418 0.0035460992907801418
0.0035460992907801418 0.0035460992907801418 0.0035460992907801418 0.0035460992907801418 0.0035460992907801418 0.46453900709219853 0.14539007092198578 0.14539007092198578 0.0035460992907801418 0.21631205673758863 0.0035460992907801418 0.0035460992907801418
0.003012048192771084 0.03313253012048193 0.003012048192771084 0.003012048192771084 0.003012048192771084 0.48493975903614456 0.21385542168674695 0.003012048192771084 0.003012048192771084 0.21385542168674695 0.003012048192771084 0.03313253012048193
0.0047169811320754715 0.0047169811320754715 0.0047169811320754715 0.0047169811320754715 0.0047169811320754715 0.5235849056603773 0.0047169811320754715 0.0047169811320754715 0.0047169811320754715 0.42924528301886783 0.0047169811320754715 0.0047169811320754715
0.27409638554216864 0.15361445783132527 0.003012048192771084 0.003012048192771084 0.003012048192771084 0.27409638554216864 0.003012048192771084 0.27409638554216864 0.003012048192771084 0.003012048192771084 0.003012048192771084 0.003012048192771084
0.34589041095890405 0.003424657534246575 0.003424657534246575 0.003424657534246575 0.03767123287671233 0.41438356164383555 0.003424657534246575 0.003424657534246575 0.17465753424657532 0.003424657534246575 0.003424657534246575 0.003424657534246575
0.003676470588235294 0.003676470588235294 0.003676470588235294 0.003676470588235294 0.003676470588235294 0.2242647058823529 0.26102941176470584 0.003676470588235294 0.003676470588235294 0.33455882352941174 0.15073529411764702 0.003676470588235294
0.0033112582781456954 0.03642384105960265 0.0033112582781456954 0.0033112582781456954 0.0033112582781456954 0.7317880794701986 0.03642384105960265 0.0033112582781456954 0.0033112582781456954 0.16887417218543044 0.0033112582781456954 0.0033112582781456954
0.0033112582781456954 0.0033112582781456954 0.0033112582781456954 0.0033112582781456954 0.3675496688741721 0.2019867549668874 0.0033112582781456954 0.03642384105960265 0.0033112582781456954 0.16887417218543044 0.2019867549668874 0.0033112582781456954
0.003205128205128205 0.003205128205128205 0.003205128205128205 0.16346153846153844 0.3237179487179487 0.3237179487179487 0.003205128205128205 0.035256410256410256 0.003205128205128205 0.1314102564102564 0.003205128205128205 0.003205128205128205
0.003205128205128205 0.003205128205128205 0.003205128205128205 0.003205128205128205 0.003205128205128205 0.4839743589743589 0.16346153846153844 0.19551282051282048 0.1314102564102564 0.003205128205128205 0.003205128205128205 0.003205128205128205
0.03125 0.002840909090909091 0.03125 0.17329545454545453 0.65625 0.002840909090909091 0.03125 0.002840909090909091 0.002840909090909091 0.059659090909090905 0.002840909090909091 0.002840909090909091
0.0029239766081871343 0.14912280701754382 0.09064327485380116 0.0029239766081871343 0.44152046783625726 0.03216374269005848 0.0029239766081871343 0.0029239766081871343 0.09064327485380116 0.14912280701754382 0.0029239766081871343 0.03216374269005848
0.004310344827586206 0.004310344827586206 0.004310344827586206 0.004310344827586206 0.004310344827586206 0.7370689655172412 0.004310344827586206 0.21982758620689646 0.004310344827586206 0.004310344827586206 0.004310344827586206 0.004310344827586206
0.0026881720430107525 0.0026881720430107525 0.0026881720430107525 0.0026881720430107525 0.0026881720430107525 0.782258064516129 0.0026881720430107525 0.0026881720430107525 0.11021505376344085 0.08333333333333333 0.0026881720430107525 0.0026881720430107525
0.0045045045045045045 0.0045045045045045045 0.0045045045045045045 0.0045045045045045045 0.0045045045045045045 0.40990990990990983 0.0045045045045045045 0.2297297297297297 0.0045045045045045045 0.3198198198198198 0.0045045045045045045 0.0045045045045045045
0.0695364238410596 0.03642384105960265 0.003311258278145695 0.33443708609271516 0.003311258278145695 0.5331125827814569 0.003311258278145695 0.003311258278145695 0.003311258278145695 0.003311258278145695 0.003311258278145695 0.003311258278145695
0.1933962264150943 0.051886792452830184 0.0047169811320754715 0.0047169811320754715 0.0047169811320754715 0.5235849056603773 0.0047169811320754715 0.0047169811320754715 0.0047169811320754715 0.0047169811320754715 0.0047169811320754715 0.1933962264150943
0.003546099290780141 0.10992907801418436 0.003546099290780141 0.003546099290780141 0.03900709219858155 0.07446808510638296 0.6063829787234041 0.003546099290780141 0.14539007092198575 0.003546099290780141 0.003546099290780141 0.003546099290780141
0.0038167938931297704 0.0038167938931297704 0.041984732824427475 0.0038167938931297704 0.23282442748091595 0.6908396946564884 0.0038167938931297704 0.0038167938931297704 0.0038167938931297704 0.0038167938931297704 0.0038167938931297704 0.0038167938931297704
0.003676470588235294 0.003676470588235294 0.003676470588235294 0.003676470588235294 0.5551470588235293 0.07720588235294117 0.003676470588235294 0.003676470588235294 0.003676470588235294 0.33455882352941174 0.003676470588235294 0.003676470588235294
0.0032051282051282046 0.2916666666666666 0.0032051282051282046 0.0032051282051282046 0.03525641025641025 0.5801282051282051 0.0032051282051282046 0.03525641025641025 0.0032051282051282046 0.03525641025641025 0.0032051282051282046 0.0032051282051282046
0.004132231404958678 0.004132231404958678 0.004132231404958678 0.45867768595041314 0.21074380165289253 0.004132231404958678 0.004132231404958678 0.21074380165289253 0.004132231404958678 0.004132231404958678 0.004132231404958678 0.08677685950413222
0.0038167938931297695 0.0038167938931297695 0.11832061068702286 0.0038167938931297695 0.08015267175572516 0.7290076335877861 0.0038167938931297695 0.0038167938931297695 0.0038167938931297695 0.0038167938931297695 0.0038167938931297695 0.04198473282442747
0.003105590062111801 0.003105590062111801 0.003105590062111801 0.003105590062111801 0.3447204968944099 0.2515527950310559 0.09627329192546583 0.003105590062111801 0.003105590062111801 0.2826086956521739 0.003105590062111801 0.003105590062111801
0.0047169811320754715 0.1933962264150943 0.0047169811320754715 0.0047169811320754715 0.0047169811320754715 0.3820754716981131 0.1933962264150943 0.1933962264150943 0.0047169811320754715 0.0047169811320754715 0.0047169811320754715 0.0047169811320754715
0.10396039603960396 0.00495049504950495 0.00495049504950495 0.00495049504950495 0.00495049504950495 0.4009900990099009 0.00495049504950495 0.4009900990099009 0.054455445544554455 0.00495049504950495 0.00495049504950495 0.00495049504950495
0.10459183673469384 0.0025510204081632647 0.0025510204081632647 0.0025510204081632647 0.13010204081632648 0.5382653061224488 0.0025510204081632647 0.15561224489795913 0.05357142857142856 0.0025510204081632647 0.0025510204081632647 0.0025510204081632647
0.18749999999999997 0.18749999999999997 0.003676470588235294 0.003676470588235294 0.003676470588235294 0.26102941176470584 0.003676470588235294 0.003676470588235294 0.07720588235294117 0.26102941176470584 0.003676470588235294 0.003676470588235294
0.009803921568627454 0.009803921568627454 0.009803921568627454 0.009803921568627454 0.009803921568627454 0.8921568627450982 0.009803921568627454 0.009803921568627454 0.009803921568627454 0.009803921568627454 0.009803921568627454 0.009803921568627454
0.003968253968253968 0.04365079365079365 0.003968253968253968 0.003968253968253968 0.242063492063492 0.2817460317460317 0.003968253968253968 0.40079365079365076 0.003968253968253968 0.003968253968253968 0.003968253968253968 0.003968253968253968
0.03767123287671233 0.003424657534246575 0.003424657534246575 0.003424657534246575 0.003424657534246575 0.27739726027397255 0.003424657534246575 0.17465753424657532 0.03767123287671233 0.38013698630136983 0.07191780821917808 0.003424657534246575
0.11397058823529412 0.003676470588235294 0.003676470588235294 0.003676470588235294 0.4816176470588235 0.18749999999999997 0.003676470588235294 0.003676470588235294 0.003676470588235294 0.18749999999999997 0.003676470588235294 0.003676470588235294
0.003205128205128205 0.035256410256410256 0.003205128205128205 0.003205128205128205 0.003205128205128205 0.7083333333333333 0.003205128205128205 0.003205128205128205 0.003205128205128205 0.003205128205128205 0.22756410256410253 0.003205128205128205
0.003816793893129771 0.232824427480916 0.003816793893129771 0.003816793893129771 0.08015267175572519 0.1564885496183206 0.003816793893129771 0.232824427480916 0.003816793893129771 0.2709923664122137 0.003816793893129771 0.003816793893129771
0.003676470588235294 0.003676470588235294 0.003676470588235294 0.07720588235294117 0.003676470588235294 0.11397058823529412 0.003676470588235294 0.04044117647058824 0.003676470588235294 0.5551470588235293 0.003676470588235294 0.18749999999999997
0.002551020408163265 0.05357142857142857 0.002551020408163265 0.07908163265306122 0.20663265306122447 0.2576530612244898 0.002551020408163265 0.15561224489795916 0.002551020408163265 0.002551020408163265 0.1301020408163265 0.10459183673469385
0.002164502164502164 0.023809523809523805 0.002164502164502164 0.002164502164502164 0.34848484848484845 0.5865800865800865 0.002164502164502164 0.002164502164502164 0.002164502164502164 0.023809523809523805 0.002164502164502164 0.002164502164502164
0.0018796992481203004 0.0018796992481203004 0.0018796992481203004 0.0018796992481203004 0.15225563909774434 0.3590225563909774 0.0018796992481203004 0.11466165413533831 0.07706766917293231 0.20864661654135333 0.020676691729323307 0.05827067669172931
0.15174129353233828 0.0024875621890547263 0.07711442786069651 0.0024875621890547263 0.10199004975124376 0.07711442786069651 0.0024875621890547263 0.2761194029850746 0.2761194029850746 0.0024875621890547263 0.02736318407960199 0.0024875621890547263
0.005813953488372092 0.005813953488372092 0.005813953488372092 0.005813953488372092 0.005813953488372092 0.7034883720930232 0.005813953488372092 0.23837209302325577 0.005813953488372092 0.005813953488372092 0.005813953488372092 0.005813953488372092
0.003968253968253968 0.003968253968253968 0.003968253968253968 0.3214285714285714 0.003968253968253968 0.3214285714285714 0.003968253968253968 0.16269841269841268 0.003968253968253968 0.16269841269841268 0.003968253968253968 0.003968253968253968
0.002212389380530973 0.002212389380530973 0.002212389380530973 0.024336283185840704 0.002212389380530973 0.7323008849557521 0.15707964601769908 0.002212389380530973 0.002212389380530973 0.002212389380530973 0.06858407079646016 0.002212389380530973
0.004310344827586207 0.17672413793103445 0.004310344827586207 0.004310344827586207 0.004310344827586207 0.5215517241379309 0.004310344827586207 0.26293103448275856 0.004310344827586207 0.004310344827586207 0.004310344827586207 0.004310344827586207
0.004132231404958677 0.004132231404958677 0.004132231404958677 0.004132231404958677 0.004132231404958677 0.830578512396694 0.12809917355371897 0.004132231404958677 0.004132231404958677 0.004132231404958677 0.004132231404958677 0.004132231404958677
0.0045045045045045045 0.5450450450450449 0.0045045045045045045 0.0045045045045045045 0.0045045045045045045 0.18468468468468466 0.0045045045045045045 0.0045045045045045045 0.0045045045045045045 0.0045045045045045045 0.0045045045045045045 0.2297297297297297
0.003968253968253968 0.003968253968253968 0.003968253968253968 0.003968253968253968 0.3214285714285714 0.36111111111111105 0.2817460317460317 0.003968253968253968 0.003968253968253968 0.003968253968253968 0.003968253968253968 0.003968253968253968
0.004132231404958678 0.045454545454545456 0.004132231404958678 0.128099173553719 0.08677685950413222 0.2933884297520661 0.08677685950413222 0.16942148760330575 0.004132231404958678 0.004132231404958678 0.16942148760330575 0.004132231404958678
0.003816793893129771 0.003816793893129771 0.003816793893129771 0.003816793893129771 0.5381679389312977 0.2709923664122137 0.003816793893129771 0.003816793893129771 0.003816793893129771 0.003816793893129771 0.1564885496183206 0.003816793893129771
0.003205128205128205 0.003205128205128205 0.003205128205128205 0.19551282051282048 0.19551282051282048 0.29166666666666663 0.003205128205128205 0.003205128205128205 0.19551282051282048 0.09935897435897435 0.003205128205128205 0.003205128205128205
0.0020746887966804975 0.0020746887966804975 0.022821576763485476 0.18879668049792525 0.0020746887966804975 0.41701244813278004 0.18879668049792525 0.10580912863070537 0.0020746887966804975 0.0020746887966804975 0.0020746887966804975 0.06431535269709543
0.003968253968253968 0.2817460317460317 0.003968253968253968 0.003968253968253968 0.16269841269841268 0.16269841269841268 0.20238095238095236 0.12301587301587301 0.003968253968253968 0.04365079365079365 0.003968253968253968 0.003968253968253968
0.0049504950495049506 0.0049504950495049506 0.20297029702970296 0.0049504950495049506 0.20297029702970296 0.2524752475247525 0.0049504950495049506 0.0049504950495049506 0.0049504950495049506 0.15346534653465346 0.0049504950495049506 0.15346534653465346
0.002617801047120419 0.028795811518324606 0.002617801047120419 0.002617801047120419 0.15968586387434552 0.5785340314136126 0.002617801047120419 0.002617801047120419 0.10732984293193716 0.002617801047120419 0.10732984293193716 0.002617801047120419
0.004310344827586207 0.004310344827586207 0.004310344827586207 0.004310344827586207 0.004310344827586207 0.21982758620689652 0.5215517241379309 0.004310344827586207 0.004310344827586207 0.004310344827586207 0.004310344827586207 0.21982758620689652
0.005813953488372092 0.005813953488372092 0.005813953488372092 0.005813953488372092 0.005813953488372092 0.7034883720930232 0.005813953488372092 0.23837209302325577 0.005813953488372092 0.005813953488372092 0.005813953488372092 0.005813953488372092
0.34589041095890405 0.003424657534246575 0.003424657534246575 0.003424657534246575 0.03767123287671233 0.44863013698630133 0.003424657534246575 0.03767123287671233 0.003424657534246575 0.10616438356164383 0.003424657534246575 0.003424657534246575
0.003816793893129771 0.003816793893129771 0.003816793893129771 0.003816793893129771 0.19465648854961828 0.3854961832061068 0.003816793893129771 0.1564885496183206 0.232824427480916 0.003816793893129771 0.003816793893129771 0.003816793893129771
0.003424657534246575 0.003424657534246575 0.003424657534246575 0.003424657534246575 0.5171232876712328 0.003424657534246575 0.003424657534246575 0.44863013698630133 0.003424657534246575 0.003424657534246575 0.003424657534246575 0.003424657534246575
0.0032051282051282046 0.8365384615384615 0.0032051282051282046 0.0032051282051282046 0.0032051282051282046 0.0032051282051282046 0.0032051282051282046 0.0032051282051282046 0.0032051282051282046 0.06730769230769229 0.03525641025641025 0.03525641025641025
0.0036764705882352936 0.22426470588235287 0.0036764705882352936 0.0036764705882352936 0.0036764705882352936 0.738970588235294 0.0036764705882352936 0.0036764705882352936 0.0036764705882352936 0.0036764705882352936 0.0036764705882352936 0.0036764705882352936
0.15073529411764702 0.26102941176470584 0.003676470588235294 0.003676470588235294 0.003676470588235294 0.15073529411764702 0.003676470588235294 0.003676470588235294 0.15073529411764702 0.04044117647058824 0.2242647058823529 0.003676470588235294
0.004310344827586207 0.6077586206896551 0.004310344827586207 0.17672413793103445 0.004310344827586207 0.004310344827586207 0.004310344827586207 0.004310344827586207 0.004310344827586207 0.004310344827586207 0.004310344827586207 0.17672413793103445
0.08115183246073299 0.15968586387434552 0.13350785340314134 0.15968586387434552 0.15968586387434552 0.10732984293193716 0.15968586387434552 0.028795811518324606 0.002617801047120419 0.002617801047120419 0.002617801047120419 0.002617801047120419
0.0045045045045045045 0.04954954954954955 0.0045045045045045045 0.0045045045045045045 0.0045045045045045045 0.6801801801801801 0.0045045045045045045 0.04954954954954955 0.0045045045045045045 0.18468468468468466 0.0045045045045045045 0.0045045045045045045
0.003424657534246575 0.38013698630136983 0.003424657534246575 0.003424657534246575 0.003424657534246575 0.003424657534246575 0.03767123287671233 0.27739726027397255 0.27739726027397255 0.003424657534246575 0.003424657534246575 0.003424657534246575
0.002369668246445498 0.3104265402843602 0.002369668246445498 0.002369668246445498 0.12085308056872036 0.002369668246445498 0.002369668246445498 0.1919431279620853 0.002369668246445498 0.1919431279620853 0.002369668246445498 0.16824644549763032
0.5235849056603774 0.19339622641509432 0.004716981132075472 0.004716981132075472 0.004716981132075472 0.004716981132075472 0.004716981132075472 0.004716981132075472 0.004716981132075472 0.004716981132075472 0.24056603773584906 0.004716981132075472
0.0045045045045045045 0.27477477477477474 0.0045045045045045045 0.0045045045045045045 0.0045045045045045045 0.13963963963963963 0.2297297297297297 0.3198198198198198 0.0045045045045045045 0.0045045045045045045 0.0045045045045045045 0.0045045045045045045
0.27409638554216864 0.394578313253012 0.003012048192771084 0.003012048192771084 0.003012048192771084 0.003012048192771084 0.003012048192771084 0.003012048192771084 0.06325301204819277 0.2439759036144578 0.003012048192771084 0.003012048192771084
0.11832061068702289 0.34732824427480913 0.003816793893129771 0.003816793893129771 0.003816793893129771 0.003816793893129771 0.19465648854961828 0.003816793893129771 0.003816793893129771 0.2709923664122137 0.04198473282442748 0.003816793893129771
0.19696969696969696 0.15367965367965367 0.02380952380952381 0.0021645021645021645 0.02380952380952381 0.0021645021645021645 0.0021645021645021645 0.0021645021645021645 0.0021645021645021645 0.3484848484848485 0.08874458874458874 0.15367965367965367
0.004132231404958678 0.4173553719008264 0.004132231404958678 0.004132231404958678 0.33471074380165283 0.004132231404958678 0.004132231404958678 0.004132231404958678 0.045454545454545456 0.004132231404958678 0.16942148760330575 0.004132231404958678
0.007575757575757578 0.6136363636363638 0.31060606060606066 0.007575757575757578 0.007575757575757578 0.007575757575757578 0.007575757575757578 0.007575757575757578 0.007575757575757578 0.007575757575757578 0.007575757575757578 0.007575757575757578
0.003816793893129771 0.4236641221374045 0.003816793893129771 0.003816793893129771 0.19465648854961828 0.003816793893129771 0.003816793893129771 0.003816793893129771 0.003816793893129771 0.1564885496183206 0.003816793893129771 0.19465648854961828
0.0045045045045045045 0.3648648648648648 0.0045045045045045045 0.0045045045045045045 0.0045045045045045045 0.0045045045045045045 0.0045045045045045045 0.59009009009009 0.0045045045045045045 0.0045045045045045045 0.0045045045045045045 0.0045045045045045045
0.07191780821917808 0.07191780821917808 0.003424657534246575 0.03767123287671233 0.10616438356164383 0.38013698630136983 0.003424657534246575 0.003424657534246575 0.003424657534246575 0.3116438356164383 0.003424657534246575 0.003424657534246575
0.1336206896551724 0.564655172413793 0.004310344827586207 0.004310344827586207 0.004310344827586207 0.004310344827586207 0.1336206896551724 0.004310344827586207 0.004310344827586207 0.1336206896551724 0.004310344827586207 0.004310344827586207
0.03642384105960265 0.2682119205298013 0.0033112582781456954 0.0033112582781456954 0.4006622516556291 0.13576158940397348 0.0033112582781456954 0.0033112582781456954 0.0033112582781456954 0.03642384105960265 0.10264900662251655 0.0033112582781456954
0.04365079365079365 0.20238095238095236 0.003968253968253968 0.003968253968253968 0.20238095238095236 0.003968253968253968 0.003968253968253968 0.003968253968253968 0.003968253968253968 0.36111111111111105 0.003968253968253968 0.16269841269841268
0.0045045045045045045 0.3648648648648648 0.0045045045045045045 0.0045045045045045045 0.3648648648648648 0.0045045045045045045 0.0045045045045045045 0.0045045045045045045 0.04954954954954955 0.18468468468468466 0.0045045045045045045 0.0045045045045045045
0.010869565217391308 0.44565217391304357 0.010869565217391308 0.010869565217391308 0.010869565217391308 0.010869565217391308 0.010869565217391308 0.010869565217391308 0.44565217391304357 0.010869565217391308 0.010869565217391308 0.010869565217391308
0.0045045045045045045 0.3198198198198198 0.0045045045045045045 0.27477477477477474 0.0045045045045045045 0.18468468468468466 0.18468468468468466 0.0045045045045045045 0.0045045045045045045 0.0045045045045045045 0.0045045045045045045 0.0045045045045045045
0.005813953488372094 0.5290697674418605 0.005813953488372094 0.005813953488372094 0.005813953488372094 0.005813953488372094 0.005813953488372094 0.005813953488372094 0.005813953488372094 0.005813953488372094 0.2383720930232558 0.1802325581395349
0.7343749999999999 0.21354166666666663 0.005208333333333333 0.005208333333333333 0.005208333333333333 0.005208333333333333 0.005208333333333333 0.005208333333333333 0.005208333333333333 0.005208333333333333 0.005208333333333333 0.005208333333333333
0.003676470588235294 0.4080882352941176 0.18749999999999997 0.003676470588235294 0.003676470588235294 0.003676470588235294 0.18749999999999997 0.003676470588235294 0.003676470588235294 0.18749999999999997 0.003676470588235294 0.003676470588235294
0.003676470588235294 0.26102941176470584 0.18749999999999997 0.003676470588235294 0.18749999999999997 0.003676470588235294 0.15073529411764702 0.003676470588235294 0.003676470588235294 0.18749999999999997 0.003676470588235294 0.003676470588235294
0.0033112582781456954 0.23509933774834435 0.16887417218543044 0.23509933774834435 0.03642384105960265 0.0033112582781456954 0.0033112582781456954 0.0033112582781456954 0.16887417218543044 0.0033112582781456954 0.0033112582781456954 0.13576158940397348
0.004310344827586205 0.13362068965517235 0.004310344827586205 0.0905172413793103 0.004310344827586205 0.004310344827586205 0.04741379310344826 0.6939655172413791 0.004310344827586205 0.004310344827586205 0.004310344827586205 0.004310344827586205
0.003676470588235294 0.04044117647058824 0.003676470588235294 0.003676470588235294 0.738970588235294 0.003676470588235294 0.003676470588235294 0.003676470588235294 0.003676470588235294 0.003676470588235294 0.003676470588235294 0.18749999999999997
0.14041095890410957 0.03767123287671233 0.003424657534246575 0.003424657534246575 0.3116438356164383 0.003424657534246575 0.003424657534246575 0.34589041095890405 0.003424657534246575 0.14041095890410957 0.003424657534246575 0.003424657534246575
0.009803921568627454 0.40196078431372556 0.009803921568627454 0.009803921568627454 0.40196078431372556 0.009803921568627454 0.009803921568627454 0.009803921568627454 0.009803921568627454 0.009803921568627454 0.009803921568627454 0.107843137254902
0.003424657534246575 0.5513698630136986 0.003424657534246575 0.10616438356164383 0.003424657534246575 0.003424657534246575 0.003424657534246575 0.17465753424657532 0.003424657534246575 0.14041095890410957 0.003424657534246575 0.003424657534246575
0.19339622641509432 0.004716981132075472 0.004716981132075472 0.004716981132075472 0.19339622641509432 0.004716981132075472 0.004716981132075472 0.004716981132075472 0.004716981132075472 0.19339622641509432 0.3820754716981132 0.004716981132075472
0.0047169811320754715 0.240566037735849 0.0047169811320754715 0.0047169811320754715 0.1933962264150943 0.0047169811320754715 0.0047169811320754715 0.0047169811320754715 0.0047169811320754715 0.5235849056603773 0.0047169811320754715 0.0047169811320754715
0.3019801980198019 0.4504950495049504 0.00495049504950495 0.00495049504950495 0.20297029702970293 0.00495049504950495 0.00495049504950495 0.00495049504950495 0.00495049504950495 0.00495049504950495 0.00495049504950495 0.00495049504950495
0.004716981132075471 0.9481132075471695 0.004716981132075471 0.004716981132075471 0.004716981132075471 0.004716981132075471 0.004716981132075471 0.004716981132075471 0.004716981132075471 0.004716981132075471 0.004716981132075471 0.004716981132075471
0.003968253968253969 0.003968253968253969 0.003968253968253969 0.003968253968253969 0.003968253968253969 0.003968253968253969 0.4404761904761905 0.003968253968253969 0.003968253968253969 0.003968253968253969 0.2420634920634921 0.2817460317460318
0.005813953488372094 0.47093023255813954 0.005813953488372094 0.005813953488372094 0.005813953488372094 0.005813953488372094 0.2383720930232558 0.005813953488372094 0.005813953488372094 0.2383720930232558 0.005813953488372094 0.005813953488372094
0.003816793893129771 0.003816793893129771 0.003816793893129771 0.003816793893129771 0.003816793893129771 0.003816793893129771 0.19465648854961828 0.003816793893129771 0.003816793893129771 0.767175572519084 0.003816793893129771 0.003816793893129771
0.007575757575757578 0.3863636363636364 0.007575757575757578 0.007575757575757578 0.31060606060606066 0.007575757575757578 0.007575757575757578 0.007575757575757578 0.007575757575757578 0.007575757575757578 0.2348484848484849 0.007575757575757578
0.0033112582781456954 0.30132450331125826 0.0033112582781456954 0.0033112582781456954 0.0033112582781456954 0.0033112582781456954 0.30132450331125826 0.23509933774834435 0.0033112582781456954 0.0033112582781456954 0.13576158940397348 0.0033112582781456954
0.38013698630136983 0.03767123287671233 0.003424657534246575 0.003424657534246575 0.14041095890410957 0.003424657534246575 0.10616438356164383 0.003424657534246575 0.003424657534246575 0.003424657534246575 0.3116438356164383 0.003424657534246575
0.03642384105960265 0.03642384105960265 0.03642384105960265 0.0033112582781456954 0.2682119205298013 0.23509933774834435 0.16887417218543044 0.0033112582781456954 0.0033112582781456954 0.2019867549668874 0.0033112582781456954 0.0033112582781456954
0.003968253968253968 0.003968253968253968 0.40079365079365076 0.242063492063492 0.003968253968253968 0.20238095238095236 0.12301587301587301 0.003968253968253968 0.003968253968253968 0.003968253968253968 0.003968253968253968 0.003968253968253968
0.004132231404958678 0.33471074380165283 0.128099173553719 0.2933884297520661 0.045454545454545456 0.004132231404958678 0.004132231404958678 0.004132231404958678 0.004132231404958678 0.004132231404958678 0.16942148760330575 0.004132231404958678
0.19465648854961826 0.08015267175572517 0.0038167938931297704 0.0038167938931297704 0.041984732824427475 0.6526717557251908 0.0038167938931297704 0.0038167938931297704 0.0038167938931297704 0.0038167938931297704 0.0038167938931297704 0.0038167938931297704
0.005494505494505494 0.22527472527472522 0.1703296703296703 0.005494505494505494 0.06043956043956043 0.005494505494505494 0.005494505494505494 0.22527472527472522 0.28021978021978017 0.005494505494505494 0.005494505494505494 0.005494505494505494
0.22527472527472522 0.6098901098901097 0.005494505494505494 0.005494505494505494 0.005494505494505494 0.005494505494505494 0.005494505494505494 0.005494505494505494 0.11538461538461538 0.005494505494505494 0.005494505494505494 0.005494505494505494
0.20238095238095236 0.40079365079365076 0.003968253968253968 0.003968253968253968 0.003968253968253968 0.242063492063492 0.003968253968253968 0.003968253968253968 0.003968253968253968 0.003968253968253968 0.003968253968253968 0.12301587301587301
0.0033112582781456954 0.30132450331125826 0.03642384105960265 0.0695364238410596 0.03642384105960265 0.0033112582781456954 0.0033112582781456954 0.13576158940397348 0.3675496688741721 0.0033112582781456954 0.03642384105960265 0.0033112582781456954
0.1626984126984127 0.1626984126984127 0.04365079365079366 0.04365079365079366 0.003968253968253969 0.1626984126984127 0.003968253968253969 0.003968253968253969 0.003968253968253969 0.2420634920634921 0.1626984126984127 0.003968253968253969
0.003968253968253968 0.16269841269841268 0.16269841269841268 0.003968253968253968 0.003968253968253968 0.003968253968253968 0.20238095238095236 0.242063492063492 0.003968253968253968 0.20238095238095236 0.003968253968253968 0.003968253968253968
0.04365079365079365 0.04365079365079365 0.04365079365079365 0.003968253968253968 0.003968253968253968 0.242063492063492 0.20238095238095236 0.2817460317460317 0.12301587301587301 0.003968253968253968 0.003968253968253968 0.003968253968253968
0.0045045045045045045 0.40990990990990983 0.0045045045045045045 0.0045045045045045045 0.0045045045045045045 0.0045045045045045045 0.0045045045045045045 0.0045045045045045045 0.0045045045045045045 0.3648648648648648 0.18468468468468466 0.0045045045045045045
0.0047169811320754715 0.240566037735849 0.240566037735849 0.0047169811320754715 0.240566037735849 0.0047169811320754715 0.0047169811320754715 0.240566037735849 0.0047169811320754715 0.0047169811320754715 0.0047169811320754715 0.0047169811320754715
0.03900709219858156 0.14539007092198578 0.0035460992907801418 0.0035460992907801418 0.3226950354609929 0.3936170212765957 0.07446808510638298 0.0035460992907801418 0.0035460992907801418 0.0035460992907801418 0.0035460992907801418 0.0035460992907801418
0.0045045045045045045 0.18468468468468466 0.0045045045045045045 0.0045045045045045045 0.0045045045045045045 0.3648648648648648 0.0045045045045045045 0.2297297297297297 0.0045045045045045045 0.0045045045045045045 0.0045045045045045045 0.18468468468468466
0.4784482758620689 0.26293103448275856 0.09051724137931033 0.004310344827586207 0.1336206896551724 0.004310344827586207 0.004310344827586207 0.004310344827586207 0.004310344827586207 0.004310344827586207 0.004310344827586207 0.004310344827586207
0.0045045045045045045 0.22972972972972971 0.0045045045045045045 0.0045045045045045045 0.0045045045045045045 0.0045045045045045045 0.18468468468468469 0.0045045045045045045 0.0045045045045045045 0.0045045045045045045 0.545045045045045 0.0045045045045045045
0.004132231404958678 0.16942148760330575 0.004132231404958678 0.004132231404958678 0.004132231404958678 0.004132231404958678 0.004132231404958678 0.004132231404958678 0.004132231404958678 0.16942148760330575 0.6239669421487603 0.004132231404958678
0.21631205673758863 0.03900709219858156 0.0035460992907801418 0.0035460992907801418 0.0035460992907801418 0.1808510638297872 0.0035460992907801418 0.25177304964539005 0.0035460992907801418 0.28723404255319146 0.0035460992907801418 0.0035460992907801418
0.0045045045045045045 0.18468468468468466 0.0045045045045045045 0.0045045045045045045 0.0045045045045045045 0.0045045045045045045 0.0045045045045045045 0.13963963963963963 0.0045045045045045045 0.40990990990990983 0.0045045045045045045 0.2297297297297297
0.004716981132075473 0.004716981132075473 0.004716981132075473 0.004716981132075473 0.004716981132075473 0.004716981132075473 0.3349056603773585 0.19339622641509435 0.004716981132075473 0.19339622641509435 0.004716981132075473 0.2405660377358491
0.01923076923076924 0.7884615384615387 0.01923076923076924 0.01923076923076924 0.01923076923076924 0.01923076923076924 0.01923076923076924 0.01923076923076924 0.01923076923076924 0.01923076923076924 0.01923076923076924 0.01923076923076924
0.002840909090909091 0.059659090909090905 0.002840909090909091 0.002840909090909091 0.002840909090909091 0.03125 0.14488636363636362 0.002840909090909091 0.03125 0.14488636363636362 0.3721590909090909 0.20170454545454544
0.045454545454545456 0.21074380165289253 0.004132231404958678 0.004132231404958678 0.004132231404958678 0.004132231404958678 0.2933884297520661 0.004132231404958678 0.004132231404958678 0.2520661157024793 0.16942148760330575 0.004132231404958678
0.2709923664122137 0.003816793893129771 0.003816793893129771 0.34732824427480913 0.003816793893129771 0.003816793893129771 0.003816793893129771 0.003816793893129771 0.1564885496183206 0.003816793893129771 0.19465648854961828 0.003816793893129771
0.02956989247311828 0.48655913978494625 0.02956989247311828 0.0026881720430107525 0.0026881720430107525 0.0026881720430107525 0.0026881720430107525 0.0026881720430107525 0.0026881720430107525 0.271505376344086 0.0026881720430107525 0.16397849462365588
0.06325301204819277 0.21385542168674695 0.003012048192771084 0.003012048192771084 0.003012048192771084 0.003012048192771084 0.09337349397590361 0.27409638554216864 0.003012048192771084 0.003012048192771084 0.3343373493975903 0.003012048192771084
0.026699029126213594 0.366504854368932 0.366504854368932 0.17233009708737862 0.026699029126213594 0.0024271844660194173 0.0024271844660194173 0.0024271844660194173 0.026699029126213594 0.0024271844660194173 0.0024271844660194173 0.0024271844660194173
0.04198473282442748 0.08015267175572519 0.003816793893129771 0.003816793893129771 0.003816793893129771 0.003816793893129771 0.003816793893129771 0.003816793893129771 0.49999999999999994 0.003816793893129771 0.3091603053435114 0.04198473282442748
