0.0032051282051282046 0.0032051282051282046 0.0032051282051282046 0.0032051282051282046 0.2596153846153845 0.09935897435897434 0.6121794871794871 0.0032051282051282046 0.0032051282051282046 0.0032051282051282046 0.0032051282051282046 0.0032051282051282046
0.06730769230769229 0.003205128205128204 0.003205128205128204 0.003205128205128204 0.5480769230769229 0.06730769230769229 0.13141025641025636 0.003205128205128204 0.13141025641025636 0.03525641025641025 0.003205128205128204 0.003205128205128204
0.0016891891891891893 0.22128378378378377 0.0016891891891891893 0.0016891891891891893 0.32263513513513514 0.0016891891891891893 0.20439189189189189 0.0016891891891891893 0.0016891891891891893 0.06925675675675674 0.018581081081081082 0.1537162162162162
0.003012048192771084 0.003012048192771084 0.003012048192771084 0.003012048192771084 0.6355421686746988 0.003012048192771084 0.003012048192771084 0.003012048192771084 0.003012048192771084 0.003012048192771084 0.15361445783132527 0.18373493975903613
0.0038167938931297704 0.0038167938931297704 0.0038167938931297704 0.0038167938931297704 0.9580152671755724 0.0038167938931297704 0.0038167938931297704 0.0038167938931297704 0.0038167938931297704 0.0038167938931297704 0.0038167938931297704 0.0038167938931297704
0.005813953488372094 0.005813953488372094 0.005813953488372094 0.1802325581395349 0.47093023255813954 0.005813953488372094 0.005813953488372094 0.005813953488372094 0.2383720930232558 0.005813953488372094 0.005813953488372094 0.06395348837209303
0.003205128205128205 0.16346153846153844 0.0673076923076923 0.003205128205128205 0.3878205128205128 0.003205128205128205 0.19551282051282048 0.003205128205128205 0.003205128205128205 0.003205128205128205 0.003205128205128205 0.16346153846153844
0.004132231404958678 0.004132231404958678 0.004132231404958678 0.004132231404958678 0.4173553719008264 0.004132231404958678 0.37603305785123964 0.16942148760330575 0.004132231404958678 0.004132231404958678 0.004132231404958678 0.004132231404958678
0.003968253968253967 0.003968253968253967 0.003968253968253967 0.003968253968253967 0.8373015873015871 0.003968253968253967 0.003968253968253967 0.003968253968253967 0.003968253968253967 0.003968253968253967 0.12301587301587298 0.003968253968253967
0.003676470588235294 0.003676470588235294 0.003676470588235294 0.003676470588235294 0.26102941176470584 0.2242647058823529 0.4816176470588235 0.003676470588235294 0.003676470588235294 0.003676470588235294 0.003676470588235294 0.003676470588235294
0.02806122448979592 0.3596938775510204 0.002551020408163265 0.002551020408163265 0.2576530612244898 0.002551020408163265 0.2831632653061224 0.002551020408163265 0.002551020408163265 0.05357142857142857 0.002551020408163265 0.002551020408163265
0.0029239766081871343 0.14912280701754382 0.0029239766081871343 0.0029239766081871343 0.6754385964912281 0.0029239766081871343 0.0029239766081871343 0.03216374269005848 0.1198830409356725 0.0029239766081871343 0.0029239766081871343 0.0029239766081871343
0.5198412698412698 0.003968253968253968 0.003968253968253968 0.003968253968253968 0.36111111111111105 0.003968253968253968 0.04365079365079365 0.003968253968253968 0.003968253968253968 0.003968253968253968 0.04365079365079365 0.003968253968253968
0.0027624309392265192 0.44475138121546964 0.0027624309392265192 0.0027624309392265192 0.22375690607734805 0.0027624309392265192 0.058011049723756904 0.0027624309392265192 0.0027624309392265192 0.0027624309392265192 0.0027624309392265192 0.25138121546961323
0.004132231404958678 0.21074380165289253 0.16942148760330575 0.004132231404958678 0.4173553719008264 0.004132231404958678 0.004132231404958678 0.004132231404958678 0.004132231404958678 0.004132231404958678 0.16942148760330575 0.004132231404958678
0.0026881720430107525 0.08333333333333333 0.0026881720430107525 0.02956989247311828 0.35215053763440857 0.0026881720430107525 0.0026881720430107525 0.0026881720430107525 0.0026881720430107525 0.271505376344086 0.056451612903225805 0.1908602150537634
0.0035460992907801418 0.0035460992907801418 0.0035460992907801418 0.0035460992907801418 0.03900709219858156 0.0035460992907801418 0.3936170212765957 0.0035460992907801418 0.21631205673758863 0.3226950354609929 0.0035460992907801418 0.0035460992907801418
0.004504504504504505 0.004504504504504505 0.004504504504504505 0.004504504504504505 0.1846846846846847 0.004504504504504505 0.004504504504504505 0.004504504504504505 0.40990990990991 0.004504504504504505 0.1846846846846847 0.1846846846846847
0.003424657534246575 0.003424657534246575 0.003424657534246575 0.003424657534246575 0.5856164383561644 0.003424657534246575 0.003424657534246575 0.003424657534246575 0.003424657534246575 0.003424657534246575 0.003424657534246575 0.38013698630136983
0.0036764705882352936 0.15073529411764702 0.07720588235294117 0.0036764705882352936 0.702205882352941 0.0036764705882352936 0.0036764705882352936 0.0036764705882352936 0.04044117647058823 0.0036764705882352936 0.0036764705882352936 0.0036764705882352936
0.004132231404958677 0.004132231404958677 0.004132231404958677 0.16942148760330572 0.7892561983471073 0.004132231404958677 0.004132231404958677 0.004132231404958677 0.004132231404958677 0.004132231404958677 0.004132231404958677 0.004132231404958677
0.0030120481927710836 0.06325301204819275 0.0030120481927710836 0.0030120481927710836 0.8463855421686745 0.0030120481927710836 0.0030120481927710836 0.0030120481927710836 0.0030120481927710836 0.0030120481927710836 0.06325301204819275 0.0030120481927710836
0.005813953488372092 0.005813953488372092 0.23837209302325577 0.005813953488372092 0.4709302325581394 0.23837209302325577 0.005813953488372092 0.005813953488372092 0.005813953488372092 0.005813953488372092 0.005813953488372092 0.005813953488372092
0.003424657534246575 0.003424657534246575 0.003424657534246575 0.003424657534246575 0.07191780821917808 0.003424657534246575 0.5513698630136986 0.003424657534246575 0.003424657534246575 0.14041095890410957 0.003424657534246575 0.20890410958904107
0.004310344827586206 0.004310344827586206 0.2629310344827585 0.004310344827586206 0.6939655172413792 0.004310344827586206 0.004310344827586206 0.004310344827586206 0.004310344827586206 0.004310344827586206 0.004310344827586206 0.004310344827586206
0.004310344827586207 0.21982758620689652 0.004310344827586207 0.004310344827586207 0.39224137931034475 0.004310344827586207 0.004310344827586207 0.004310344827586207 0.17672413793103445 0.17672413793103445 0.004310344827586207 0.004310344827586207
0.002840909090909091 0.002840909090909091 0.002840909090909091 0.03125 0.5710227272727273 0.002840909090909091 0.002840909090909091 0.002840909090909091 0.03125 0.002840909090909091 0.059659090909090905 0.2869318181818181
0.0032051282051282046 0.0032051282051282046 0.0032051282051282046 0.0032051282051282046 0.7083333333333333 0.1634615384615384 0.0032051282051282046 0.0032051282051282046 0.06730769230769229 0.0032051282051282046 0.03525641025641025 0.0032051282051282046
0.003676470588235294 0.003676470588235294 0.003676470588235294 0.003676470588235294 0.26102941176470584 0.003676470588235294 0.003676470588235294 0.04044117647058824 0.18749999999999997 0.33455882352941174 0.003676470588235294 0.15073529411764702
0.0035460992907801418 0.0035460992907801418 0.0035460992907801418 0.0035460992907801418 0.4290780141843971 0.21631205673758863 0.3226950354609929 0.0035460992907801418 0.0035460992907801418 0.0035460992907801418 0.0035460992907801418 0.0035460992907801418
0.3581560283687943 0.0035460992907801418 0.1808510638297872 0.0035460992907801418 0.4290780141843971 0.0035460992907801418 0.0035460992907801418 0.0035460992907801418 0.0035460992907801418 0.0035460992907801418 0.0035460992907801418 0.0035460992907801418
0.003012048192771084 0.003012048192771084 0.12349397590361444 0.003012048192771084 0.6355421686746988 0.003012048192771084 0.003012048192771084 0.12349397590361444 0.003012048192771084 0.003012048192771084 0.003012048192771084 0.09337349397590361
0.0047169811320754715 0.0047169811320754715 0.0047169811320754715 0.0047169811320754715 0.6179245283018867 0.0047169811320754715 0.3349056603773584 0.0047169811320754715 0.0047169811320754715 0.0047169811320754715 0.0047169811320754715 0.0047169811320754715
0.003012048192771084 0.003012048192771084 0.003012048192771084 0.003012048192771084 0.15361445783132527 0.003012048192771084 0.003012048192771084 0.003012048192771084 0.12349397590361444 0.42469879518072284 0.12349397590361444 0.15361445783132527
0.003424657534246575 0.003424657534246575 0.003424657534246575 0.003424657534246575 0.27739726027397255 0.3116438356164383 0.17465753424657532 0.003424657534246575 0.003424657534246575 0.10616438356164383 0.003424657534246575 0.10616438356164383
0.003676470588235294 0.003676470588235294 0.003676470588235294 0.003676470588235294 0.5551470588235293 0.003676470588235294 0.003676470588235294 0.003676470588235294 0.37132352941176466 0.04044117647058824 0.003676470588235294 0.003676470588235294
0.03642384105960265 0.003311258278145695 0.003311258278145695 0.003311258278145695 0.9304635761589403 0.003311258278145695 0.003311258278145695 0.003311258278145695 0.003311258278145695 0.003311258278145695 0.003311258278145695 0.003311258278145695
0.0033112582781456954 0.10264900662251655 0.0033112582781456954 0.0033112582781456954 0.43377483443708603 0.0033112582781456954 0.0695364238410596 0.16887417218543044 0.0033112582781456954 0.0033112582781456954 0.0033112582781456954 0.2019867549668874
0.003205128205128205 0.003205128205128205 0.003205128205128205 0.003205128205128205 0.3878205128205128 0.3878205128205128 0.003205128205128205 0.09935897435897435 0.003205128205128205 0.003205128205128205 0.09935897435897435 0.003205128205128205
0.0032051282051282046 0.0032051282051282046 0.0032051282051282046 0.3878205128205127 0.5801282051282051 0.0032051282051282046 0.0032051282051282046 0.0032051282051282046 0.0032051282051282046 0.0032051282051282046 0.0032051282051282046 0.0032051282051282046
0.002840909090909091 0.14488636363636362 0.002840909090909091 0.002840909090909091 0.2869318181818181 0.002840909090909091 0.20170454545454544 0.002840909090909091 0.002840909090909091 0.002840909090909091 0.002840909090909091 0.34374999999999994
0.0029239766081871343 0.0029239766081871343 0.0029239766081871343 0.0029239766081871343 0.17836257309941517 0.14912280701754382 0.0029239766081871343 0.0029239766081871343 0.0029239766081871343 0.0029239766081871343 0.14912280701754382 0.5
0.4504950495049504 0.00495049504950495 0.00495049504950495 0.00495049504950495 0.4999999999999999 0.00495049504950495 0.00495049504950495 0.00495049504950495 0.00495049504950495 0.00495049504950495 0.00495049504950495 0.00495049504950495
0.029569892473118274 0.11021505376344082 0.002688172043010752 0.002688172043010752 0.7016129032258063 0.002688172043010752 0.05645161290322579 0.002688172043010752 0.002688172043010752 0.08333333333333331 0.002688172043010752 0.002688172043010752
0.19135802469135804 0.00617283950617284 0.00617283950617284 0.00617283950617284 0.4382716049382716 0.00617283950617284 0.06790123456790124 0.00617283950617284 0.00617283950617284 0.25308641975308643 0.00617283950617284 0.00617283950617284
0.0033112582781456954 0.0033112582781456954 0.0033112582781456954 0.0033112582781456954 0.4006622516556291 0.0033112582781456954 0.03642384105960265 0.0033112582781456954 0.0033112582781456954 0.2019867549668874 0.16887417218543044 0.16887417218543044
0.004132231404958678 0.004132231404958678 0.004132231404958678 0.004132231404958678 0.7479338842975206 0.004132231404958678 0.004132231404958678 0.004132231404958678 0.045454545454545456 0.004132231404958678 0.16942148760330575 0.004132231404958678
0.0035460992907801418 0.3581560283687943 0.0035460992907801418 0.10992907801418439 0.07446808510638298 0.0035460992907801418 0.21631205673758863 0.0035460992907801418 0.0035460992907801418 0.0035460992907801418 0.0035460992907801418 0.21631205673758863
0.0034246575342465747 0.6541095890410958 0.0034246575342465747 0.03767123287671233 0.27739726027397255 0.0034246575342465747 0.0034246575342465747 0.0034246575342465747 0.0034246575342465747 0.0034246575342465747 0.0034246575342465747 0.0034246575342465747
0.003676470588235294 0.5183823529411764 0.003676470588235294 0.15073529411764702 0.07720588235294117 0.003676470588235294 0.2242647058823529 0.003676470588235294 0.003676470588235294 0.003676470588235294 0.003676470588235294 0.003676470588235294
0.035256410256410256 0.003205128205128205 0.003205128205128205 0.003205128205128205 0.6121794871794871 0.003205128205128205 0.003205128205128205 0.003205128205128205 0.003205128205128205 0.19551282051282048 0.003205128205128205 0.1314102564102564
0.004132231404958678 0.004132231404958678 0.004132231404958678 0.49999999999999994 0.08677685950413222 0.21074380165289253 0.004132231404958678 0.004132231404958678 0.004132231404958678 0.004132231404958678 0.004132231404958678 0.16942148760330575
0.003816793893129771 0.003816793893129771 0.003816793893129771 0.003816793893129771 0.767175572519084 0.003816793893129771 0.003816793893129771 0.003816793893129771 0.003816793893129771 0.19465648854961828 0.003816793893129771 0.003816793893129771
0.003105590062111801 0.18944099378881984 0.003105590062111801 0.003105590062111801 0.3757763975155279 0.003105590062111801 0.3757763975155279 0.003105590062111801 0.003105590062111801 0.003105590062111801 0.034161490683229816 0.003105590062111801
0.005494505494505494 0.445054945054945 0.005494505494505494 0.005494505494505494 0.4999999999999999 0.005494505494505494 0.005494505494505494 0.005494505494505494 0.005494505494505494 0.005494505494505494 0.005494505494505494 0.005494505494505494
0.04198473282442748 0.003816793893129771 0.003816793893129771 0.003816793893129771 0.6526717557251909 0.003816793893129771 0.003816793893129771 0.003816793893129771 0.003816793893129771 0.003816793893129771 0.11832061068702289 0.1564885496183206
0.0025510204081632647 0.0025510204081632647 0.0025510204081632647 0.13010204081632648 0.5127551020408162 0.10459183673469384 0.20663265306122444 0.0025510204081632647 0.0025510204081632647 0.0025510204081632647 0.0025510204081632647 0.028061224489795915
0.004132231404958678 0.004132231404958678 0.004132231404958678 0.128099173553719 0.33471074380165283 0.2520661157024793 0.16942148760330575 0.004132231404958678 0.004132231404958678 0.08677685950413222 0.004132231404958678 0.004132231404958678
0.007575757575757578 0.007575757575757578 0.007575757575757578 0.007575757575757578 0.6136363636363638 0.007575757575757578 0.007575757575757578 0.007575757575757578 0.007575757575757578 0.31060606060606066 0.007575757575757578 0.007575757575757578
0.16269841269841268 0.003968253968253968 0.003968253968253968 0.20238095238095236 0.2817460317460317 0.003968253968253968 0.003968253968253968 0.003968253968253968 0.003968253968253968 0.16269841269841268 0.003968253968253968 0.16269841269841268
0.003424657534246575 0.003424657534246575 0.003424657534246575 0.10616438356164383 0.38013698630136983 0.003424657534246575 0.10616438356164383 0.003424657534246575 0.003424657534246575 0.003424657534246575 0.38013698630136983 0.003424657534246575
0.003676470588235294 0.4448529411764705 0.003676470588235294 0.07720588235294117 0.04044117647058824 0.003676470588235294 0.29779411764705876 0.003676470588235294 0.11397058823529412 0.003676470588235294 0.003676470588235294 0.003676470588235294
0.13141025641025636 0.0032051282051282046 0.0032051282051282046 0.0032051282051282046 0.7403846153846153 0.09935897435897434 0.0032051282051282046 0.0032051282051282046 0.0032051282051282046 0.0032051282051282046 0.0032051282051282046 0.0032051282051282046
0.004310344827586207 0.004310344827586207 0.004310344827586207 0.004310344827586207 0.004310344827586207 0.004310344827586207 0.004310344827586207 0.004310344827586207 0.43534482758620685 0.26293103448275856 0.04741379310344827 0.21982758620689652
0.003676470588235294 0.15073529411764702 0.003676470588235294 0.2242647058823529 0.003676470588235294 0.003676470588235294 0.15073529411764702 0.003676470588235294 0.29779411764705876 0.15073529411764702 0.003676470588235294 0.003676470588235294
0.0025510204081632647 0.0025510204081632647 0.0025510204081632647 0.13010204081632648 0.5127551020408162 0.30867346938775503 0.0025510204081632647 0.028061224489795915 0.0025510204081632647 0.0025510204081632647 0.0025510204081632647 0.0025510204081632647
0.15367965367965367 0.26190476190476186 0.0021645021645021645 0.0021645021645021645 0.3917748917748918 0.0021645021645021645 0.0021645021645021645 0.0021645021645021645 0.0021645021645021645 0.15367965367965367 0.0021645021645021645 0.02380952380952381
0.0018796992481203006 0.05827067669172932 0.2838345864661654 0.039473684210526314 0.35902255639097747 0.0018796992481203006 0.020676691729323307 0.0018796992481203006 0.020676691729323307 0.0018796992481203006 0.20864661654135336 0.0018796992481203006
0.12686567164179102 0.0024875621890547263 0.0024875621890547263 0.0024875621890547263 0.0024875621890547263 0.0024875621890547263 0.0024875621890547263 0.0024875621890547263 0.0024875621890547263 0.2761194029850746 0.30099502487562185 0.2761194029850746
0.005813953488372094 0.005813953488372094 0.005813953488372094 0.005813953488372094 0.2383720930232558 0.005813953488372094 0.005813953488372094 0.005813953488372094 0.005813953488372094 0.2965116279069767 0.1802325581395349 0.2383720930232558
0.003968253968253968 0.003968253968253968 0.003968253968253968 0.003968253968253968 0.4801587301587301 0.003968253968253968 0.003968253968253968 0.003968253968253968 0.003968253968253968 0.16269841269841268 0.3214285714285714 0.003968253968253968
0.0022123893805309734 0.31194690265486724 0.04646017699115044 0.0907079646017699 0.5110619469026548 0.0022123893805309734 0.024336283185840708 0.0022123893805309734 0.0022123893805309734 0.0022123893805309734 0.0022123893805309734 0.0022123893805309734
0.004310344827586207 0.004310344827586207 0.13362068965517243 0.004310344827586207 0.4353448275862069 0.004310344827586207 0.004310344827586207 0.004310344827586207 0.004310344827586207 0.004310344827586207 0.3922413793103448 0.004310344827586207
0.004132231404958677 0.16942148760330572 0.004132231404958677 0.004132231404958677 0.7892561983471073 0.004132231404958677 0.004132231404958677 0.004132231404958677 0.004132231404958677 0.004132231404958677 0.004132231404958677 0.004132231404958677
0.0045045045045045045 0.3648648648648648 0.2297297297297297 0.18468468468468466 0.0045045045045045045 0.0045045045045045045 0.0045045045045045045 0.0045045045045045045 0.0045045045045045045 0.18468468468468466 0.0045045045045045045 0.0045045045045045045
0.003968253968253968 0.20238095238095236 0.003968253968253968 0.003968253968253968 0.4801587301587301 0.003968253968253968 0.2817460317460317 0.003968253968253968 0.003968253968253968 0.003968253968253968 0.003968253968253968 0.003968253968253968
0.11397058823529412 0.003676470588235294 0.003676470588235294 0.04044117647058824 0.29779411764705876 0.37132352941176466 0.003676470588235294 0.003676470588235294 0.04044117647058824 0.003676470588235294 0.11397058823529412 0.003676470588235294
0.003816793893129771 0.3091603053435114 0.003816793893129771 0.003816793893129771 0.2709923664122137 0.003816793893129771 0.003816793893129771 0.003816793893129771 0.3854961832061068 0.003816793893129771 0.003816793893129771 0.003816793893129771
0.003205128205128205 0.003205128205128205 0.003205128205128205 0.003205128205128205 0.3557692307692307 0.003205128205128205 0.003205128205128205 0.0673076923076923 0.09935897435897435 0.003205128205128205 0.2596153846153846 0.19551282051282048
0.0020746887966804975 0.06431535269709543 0.08506224066390039 0.04356846473029045 0.5414937759336099 0.0020746887966804975 0.0020746887966804975 0.20954356846473024 0.022821576763485476 0.0020746887966804975 0.022821576763485476 0.0020746887966804975
0.12301587301587297 0.003968253968253967 0.003968253968253967 0.003968253968253967 0.16269841269841262 0.003968253968253967 0.6785714285714284 0.003968253968253967 0.003968253968253967 0.003968253968253967 0.003968253968253967 0.003968253968253967
0.21982758620689652 0.004310344827586207 0.004310344827586207 0.004310344827586207 0.004310344827586207 0.004310344827586207 0.004310344827586207 0.004310344827586207 0.004310344827586207 0.17672413793103445 0.3491379310344827 0.21982758620689652
0.002617801047120418 0.002617801047120418 0.054973821989528784 0.002617801047120418 0.6832460732984291 0.002617801047120418 0.054973821989528784 0.002617801047120418 0.028795811518324603 0.10732984293193713 0.028795811518324603 0.028795811518324603
0.004310344827586207 0.43534482758620685 0.17672413793103445 0.004310344827586207 0.17672413793103445 0.004310344827586207 0.004310344827586207 0.004310344827586207 0.17672413793103445 0.004310344827586207 0.004310344827586207 0.004310344827586207
0.005813953488372094 0.005813953488372094 0.005813953488372094 0.005813953488372094 0.7034883720930233 0.005813953488372094 0.005813953488372094 0.005813953488372094 0.005813953488372094 0.005813953488372094 0.2383720930232558 0.005813953488372094
0.003816793893129771 0.2709923664122137 0.003816793893129771 0.003816793893129771 0.4618320610687022 0.003816793893129771 0.003816793893129771 0.003816793893129771 0.003816793893129771 0.003816793893129771 0.232824427480916 0.003816793893129771
0.19465648854961828 0.1564885496183206 0.003816793893129771 0.04198473282442748 0.2709923664122137 0.003816793893129771 0.1564885496183206 0.1564885496183206 0.003816793893129771 0.003816793893129771 0.003816793893129771 0.003816793893129771
0.003424657534246575 0.003424657534246575 0.20890410958904107 0.003424657534246575 0.003424657534246575 0.03767123287671233 0.003424657534246575 0.003424657534246575 0.003424657534246575 0.14041095890410957 0.14041095890410957 0.44863013698630133
0.06140350877192982 0.0029239766081871343 0.0029239766081871343 0.0029239766081871343 0.0029239766081871343 0.09064327485380116 0.03216374269005848 0.0029239766081871343 0.09064327485380116 0.0029239766081871343 0.5292397660818713 0.17836257309941517
0.003676470588235294 0.003676470588235294 0.003676470588235294 0.003676470588235294 0.18749999999999997 0.003676470588235294 0.003676470588235294 0.04044117647058824 0.003676470588235294 0.04044117647058824 0.33455882352941174 0.37132352941176466
0.003676470588235294 0.003676470588235294 0.003676470588235294 0.07720588235294117 0.29779411764705876 0.04044117647058824 0.18749999999999997 0.003676470588235294 0.003676470588235294 0.003676470588235294 0.37132352941176466 0.003676470588235294
0.004310344827586207 0.13362068965517243 0.004310344827586207 0.004310344827586207 0.004310344827586207 0.04741379310344828 0.004310344827586207 0.30603448275862066 0.004310344827586207 0.004310344827586207 0.47844827586206895 0.004310344827586207
0.002617801047120419 0.002617801047120419 0.002617801047120419 0.002617801047120419 0.2120418848167539 0.13350785340314134 0.31675392670157065 0.08115183246073299 0.002617801047120419 0.002617801047120419 0.2382198952879581 0.002617801047120419
0.0045045045045045045 0.0045045045045045045 0.18468468468468469 0.0045045045045045045 0.0045045045045045045 0.0045045045045045045 0.0045045045045045045 0.0045045045045045045 0.0045045045045045045 0.22972972972972971 0.18468468468468469 0.36486486486486486
0.03767123287671233 0.003424657534246575 0.003424657534246575 0.003424657534246575 0.003424657534246575 0.003424657534246575 0.03767123287671233 0.03767123287671233 0.003424657534246575 0.003424657534246575 0.8595890410958904 0.003424657534246575
0.002369668246445498 0.002369668246445498 0.002369668246445498 0.002369668246445498 0.002369668246445498 0.002369668246445498 0.002369668246445498 0.1919431279620853 0.07345971563981042 0.002369668246445498 0.7132701421800948 0.002369668246445498
0.0047169811320754715 0.0047169811320754715 0.0047169811320754715 0.0047169811320754715 0.0047169811320754715 0.0047169811320754715 0.0047169811320754715 0.0047169811320754715 0.1933962264150943 0.0047169811320754715 0.7594339622641509 0.0047169811320754715
0.003968253968253969 0.04365079365079366 0.003968253968253969 0.32142857142857145 0.1626984126984127 0.08333333333333336 0.003968253968253969 0.003968253968253969 0.003968253968253969 0.003968253968253969 0.32142857142857145 0.04365079365079366
0.21385542168674695 0.003012048192771084 0.003012048192771084 0.003012048192771084 0.003012048192771084 0.03313253012048193 0.3343373493975903 0.003012048192771084 0.003012048192771084 0.18373493975903613 0.21385542168674695 0.003012048192771084
0.003816793893129771 0.003816793893129771 0.1564885496183206 0.003816793893129771 0.003816793893129771 0.11832061068702289 0.003816793893129771 0.04198473282442748 0.003816793893129771 0.003816793893129771 0.5381679389312977 0.11832061068702289
0.45670995670995673 0.0021645021645021645 0.0021645021645021645 0.0021645021645021645 0.13203463203463203 0.0021645021645021645 0.0670995670995671 0.0021645021645021645 0.02380952380952381 0.08874458874458874 0.1753246753246753 0.045454545454545456
0.004132231404958679 0.004132231404958679 0.004132231404958679 0.004132231404958679 0.004132231404958679 0.004132231404958679 0.21074380165289258 0.004132231404958679 0.004132231404958679 0.004132231404958679 0.3760330578512397 0.3760330578512397
0.007575757575757577 0.007575757575757577 0.007575757575757577 0.007575757575757577 0.007575757575757577 0.007575757575757577 0.007575757575757577 0.007575757575757577 0.007575757575757577 0.007575757575757577 0.6893939393939394 0.23484848484848486
0.003816793893129771 0.003816793893129771 0.003816793893129771 0.003816793893129771 0.003816793893129771 0.19465648854961828 0.1564885496183206 0.003816793893129771 0.003816793893129771 0.003816793893129771 0.6145038167938931 0.003816793893129771
0.0045045045045045045 0.0045045045045045045 0.0045045045045045045 0.45495495495495497 0.0045045045045045045 0.0045045045045045045 0.0045045045045045045 0.0045045045045045045 0.18468468468468469 0.0045045045045045045 0.31981981981981983 0.0045045045045045045
0.003424657534246575 0.003424657534246575 0.3116438356164383 0.003424657534246575 0.17465753424657532 0.003424657534246575 0.24315068493150682 0.003424657534246575 0.003424657534246575 0.003424657534246575 0.24315068493150682 0.003424657534246575
0.1336206896551724 0.004310344827586207 0.004310344827586207 0.004310344827586207 0.004310344827586207 0.21982758620689652 0.004310344827586207 0.004310344827586207 0.04741379310344827 0.17672413793103445 0.21982758620689652 0.17672413793103445
0.0033112582781456954 0.0033112582781456954 0.03642384105960265 0.0033112582781456954 0.2019867549668874 0.03642384105960265 0.2019867549668874 0.0695364238410596 0.0033112582781456954 0.13576158940397348 0.2019867549668874 0.10264900662251655
0.1626984126984127 0.003968253968253969 0.2420634920634921 0.003968253968253969 0.003968253968253969 0.003968253968253969 0.08333333333333336 0.003968253968253969 0.003968253968253969 0.003968253968253969 0.2420634920634921 0.2420634920634921
0.28174603174603174 0.003968253968253969 0.12301587301587302 0.003968253968253969 0.003968253968253969 0.003968253968253969 0.003968253968253969 0.003968253968253969 0.003968253968253969 0.003968253968253969 0.44047619047619047 0.12301587301587302
0.44565217391304357 0.010869565217391308 0.010869565217391308 0.010869565217391308 0.010869565217391308 0.010869565217391308 0.010869565217391308 0.010869565217391308 0.010869565217391308 0.010869565217391308 0.44565217391304357 0.010869565217391308
0.18468468468468466 0.2297297297297297 0.0045045045045045045 0.0045045045045045045 0.0045045045045045045 0.0045045045045045045 0.0045045045045045045 0.40990990990990983 0.0045045045045045045 0.0045045045045045045 0.13963963963963963 0.0045045045045045045
0.10396039603960397 0.20297029702970296 0.35148514851485146 0.0049504950495049506 0.0049504950495049506 0.0049504950495049506 0.0049504950495049506 0.0049504950495049506 0.0049504950495049506 0.0049504950495049506 0.30198019801980197 0.0049504950495049506
0.0045045045045045045 0.0045045045045045045 0.0045045045045045045 0.0045045045045045045 0.0045045045045045045 0.13963963963963963 0.0045045045045045045 0.0045045045045045045 0.0045045045045045045 0.0045045045045045045 0.8153153153153153 0.0045045045045045045
0.003676470588235295 0.003676470588235295 0.003676470588235295 0.003676470588235295 0.003676470588235295 0.4448529411764706 0.003676470588235295 0.003676470588235295 0.003676470588235295 0.0772058823529412 0.2610294117647059 0.18750000000000003
0.003676470588235295 0.003676470588235295 0.003676470588235295 0.003676470588235295 0.003676470588235295 0.4448529411764706 0.003676470588235295 0.003676470588235295 0.003676470588235295 0.0772058823529412 0.003676470588235295 0.4448529411764706
0.0033112582781456962 0.16887417218543047 0.0033112582781456962 0.0033112582781456962 0.0033112582781456962 0.0033112582781456962 0.0033112582781456962 0.0033112582781456962 0.0033112582781456962 0.0033112582781456962 0.4668874172185431 0.3344370860927153
0.004310344827586207 0.21982758620689655 0.004310344827586207 0.04741379310344828 0.004310344827586207 0.004310344827586207 0.004310344827586207 0.04741379310344828 0.2629310344827586 0.004310344827586207 0.3922413793103448 0.004310344827586207
0.0036764705882352945 0.0036764705882352945 0.0036764705882352945 0.04044117647058824 0.04044117647058824 0.0036764705882352945 0.0036764705882352945 0.0036764705882352945 0.0036764705882352945 0.0036764705882352945 0.3713235294117647 0.5183823529411765
0.20890410958904107 0.003424657534246575 0.003424657534246575 0.003424657534246575 0.003424657534246575 0.003424657534246575 0.27739726027397255 0.14041095890410957 0.003424657534246575 0.003424657534246575 0.003424657534246575 0.34589041095890405
0.009803921568627453 0.10784313725490198 0.10784313725490198 0.009803921568627453 0.009803921568627453 0.009803921568627453 0.5 0.009803921568627453 0.009803921568627453 0.009803921568627453 0.2058823529411765 0.009803921568627453
0.003424657534246575 0.10616438356164383 0.003424657534246575 0.003424657534246575 0.003424657534246575 0.07191780821917808 0.38013698630136983 0.003424657534246575 0.003424657534246575 0.003424657534246575 0.24315068493150682 0.17465753424657532
0.1933962264150943 0.0047169811320754715 0.0047169811320754715 0.051886792452830184 0.0047169811320754715 0.0990566037735849 0.051886792452830184 0.0990566037735849 0.0047169811320754715 0.0047169811320754715 0.47641509433962254 0.0047169811320754715
0.4173553719008264 0.004132231404958678 0.004132231404958678 0.16942148760330575 0.004132231404958678 0.004132231404958678 0.2520661157024793 0.128099173553719 0.004132231404958678 0.004132231404958678 0.004132231404958678 0.004132231404958678
0.004310344827586208 0.004310344827586208 0.004310344827586208 0.21982758620689657 0.3060344827586207 0.004310344827586208 0.04741379310344829 0.004310344827586208 0.004310344827586208 0.1767241379310345 0.21982758620689657 0.004310344827586208
0.1933962264150943 0.240566037735849 0.0047169811320754715 0.0047169811320754715 0.0047169811320754715 0.0047169811320754715 0.0047169811320754715 0.1933962264150943 0.1933962264150943 0.0047169811320754715 0.14622641509433962 0.0047169811320754715
0.003968253968253968 0.003968253968253968 0.003968253968253968 0.003968253968253968 0.003968253968253968 0.242063492063492 0.5198412698412698 0.12301587301587301 0.04365079365079365 0.003968253968253968 0.04365079365079365 0.003968253968253968
0.005813953488372094 0.005813953488372094 0.005813953488372094 0.005813953488372094 0.005813953488372094 0.005813953488372094 0.2383720930232558 0.005813953488372094 0.005813953488372094 0.005813953488372094 0.7034883720930233 0.005813953488372094
0.0038167938931297717 0.0038167938931297717 0.0038167938931297717 0.0038167938931297717 0.0038167938931297717 0.0038167938931297717 0.5763358778625955 0.0038167938931297717 0.0038167938931297717 0.0038167938931297717 0.19465648854961834 0.19465648854961834
0.007575757575757577 0.007575757575757577 0.23484848484848486 0.007575757575757577 0.007575757575757577 0.007575757575757577 0.007575757575757577 0.007575757575757577 0.007575757575757577 0.007575757575757577 0.6136363636363636 0.08333333333333334
0.0033112582781456954 0.0033112582781456954 0.0033112582781456954 0.3675496688741721 0.03642384105960265 0.0033112582781456954 0.2019867549668874 0.33443708609271516 0.03642384105960265 0.0033112582781456954 0.0033112582781456954 0.0033112582781456954
0.03767123287671233 0.003424657534246575 0.44863013698630133 0.003424657534246575 0.003424657534246575 0.003424657534246575 0.07191780821917808 0.003424657534246575 0.003424657534246575 0.003424657534246575 0.20890410958904107 0.20890410958904107
0.003012048192771084 0.12349397590361444 0.003012048192771084 0.003012048192771084 0.42469879518072284 0.003012048192771084 0.2439759036144578 0.03313253012048193 0.003012048192771084 0.03313253012048193 0.12349397590361444 0.003012048192771084
0.5992063492063491 0.08333333333333333 0.003968253968253968 0.003968253968253968 0.242063492063492 0.003968253968253968 0.003968253968253968 0.003968253968253968 0.003968253968253968 0.04365079365079365 0.003968253968253968 0.003968253968253968
0.004132231404958678 0.33471074380165283 0.045454545454545456 0.2933884297520661 0.004132231404958678 0.128099173553719 0.004132231404958678 0.16942148760330575 0.004132231404958678 0.004132231404958678 0.004132231404958678 0.004132231404958678
0.3854961832061068 0.003816793893129771 0.003816793893129771 0.003816793893129771 0.003816793893129771 0.003816793893129771 0.003816793893129771 0.003816793893129771 0.003816793893129771 0.3854961832061068 0.003816793893129771 0.19465648854961828
0.005494505494505494 0.005494505494505494 0.005494505494505494 0.005494505494505494 0.22527472527472522 0.005494505494505494 0.22527472527472522 0.005494505494505494 0.005494505494505494 0.4999999999999999 0.005494505494505494 0.005494505494505494
0.005494505494505495 0.5 0.005494505494505495 0.005494505494505495 0.005494505494505495 0.005494505494505495 0.005494505494505495 0.22527472527472525 0.005494505494505495 0.22527472527472525 0.005494505494505495 0.005494505494505495
0.003968253968253969 0.32142857142857145 0.08333333333333336 0.003968253968253969 0.003968253968253969 0.003968253968253969 0.1626984126984127 0.003968253968253969 0.04365079365079366 0.1626984126984127 0.2023809523809524 0.003968253968253969
0.003311258278145696 0.003311258278145696 0.20198675496688742 0.1357615894039735 0.003311258278145696 0.003311258278145696 0.036423841059602655 0.036423841059602655 0.003311258278145696 0.06953642384105961 0.5 0.003311258278145696
0.003968253968253968 0.003968253968253968 0.003968253968253968 0.003968253968253968 0.20238095238095236 0.003968253968253968 0.16269841269841268 0.003968253968253968 0.16269841269841268 0.3214285714285714 0.12301587301587301 0.003968253968253968
0.003968253968253968 0.003968253968253968 0.003968253968253968 0.003968253968253968 0.003968253968253968 0.4801587301587301 0.003968253968253968 0.003968253968253968 0.003968253968253968 0.20238095238095236 0.003968253968253968 0.2817460317460317
0.12301587301587301 0.04365079365079365 0.003968253968253968 0.003968253968253968 0.40079365079365076 0.242063492063492 0.003968253968253968 0.003968253968253968 0.003968253968253968 0.003968253968253968 0.003968253968253968 0.16269841269841268
0.004504504504504505 0.22972972972972977 0.004504504504504505 0.004504504504504505 0.004504504504504505 0.004504504504504505 0.22972972972972977 0.1846846846846847 0.004504504504504505 0.004504504504504505 0.13963963963963966 0.1846846846846847
0.1933962264150943 0.0047169811320754715 0.0047169811320754715 0.3820754716981131 0.240566037735849 0.0047169811320754715 0.0047169811320754715 0.0047169811320754715 0.0047169811320754715 0.0047169811320754715 0.14622641509433962 0.0047169811320754715
0.0035460992907801418 0.0035460992907801418 0.0035460992907801418 0.0035460992907801418 0.4290780141843971 0.0035460992907801418 0.10992907801418439 0.0035460992907801418 0.1808510638297872 0.0035460992907801418 0.0035460992907801418 0.25177304964539005
0.40990990990990983 0.0045045045045045045 0.0045045045045045045 0.18468468468468466 0.18468468468468466 0.0045045045045045045 0.0045045045045045045 0.0045045045045045045 0.0045045045045045045 0.0045045045045045045 0.18468468468468466 0.0045045045045045045
0.004310344827586207 0.004310344827586207 0.004310344827586207 0.004310344827586207 0.17672413793103448 0.004310344827586207 0.3922413793103448 0.004310344827586207 0.004310344827586207 0.004310344827586207 0.3922413793103448 0.004310344827586207
0.003968253968253968 0.003968253968253968 0.003968253968253968 0.003968253968253968 0.003968253968253968 0.242063492063492 0.003968253968253968 0.4801587301587301 0.16269841269841268 0.04365079365079365 0.04365079365079365 0.003968253968253968
0.004132231404958678 0.2520661157024793 0.004132231404958678 0.33471074380165283 0.045454545454545456 0.004132231404958678 0.004132231404958678 0.21074380165289253 0.004132231404958678 0.004132231404958678 0.128099173553719 0.004132231404958678
0.0035460992907801418 0.0035460992907801418 0.21631205673758863 0.0035460992907801418 0.1808510638297872 0.0035460992907801418 0.1808510638297872 0.07446808510638298 0.0035460992907801418 0.0035460992907801418 0.25177304964539005 0.07446808510638298
0.005208333333333334 0.05729166666666667 0.578125 0.10937500000000001 0.005208333333333334 0.005208333333333334 0.005208333333333334 0.05729166666666667 0.005208333333333334 0.005208333333333334 0.16145833333333334 0.005208333333333334
0.5413223140495868 0.21074380165289253 0.004132231404958678 0.004132231404958678 0.004132231404958678 0.004132231404958678 0.004132231404958678 0.004132231404958678 0.004132231404958678 0.21074380165289253 0.004132231404958678 0.004132231404958678
0.019230769230769235 0.019230769230769235 0.019230769230769235 0.019230769230769235 0.019230769230769235 0.019230769230769235 0.019230769230769235 0.019230769230769235 0.019230769230769235 0.019230769230769235 0.7884615384615385 0.019230769230769235
0.002840909090909091 0.03125 0.5994318181818181 0.03125 0.002840909090909091 0.20170454545454544 0.002840909090909091 0.002840909090909091 0.11647727272727271 0.002840909090909091 0.002840909090909091 0.002840909090909091
0.0036764705882352945 0.44485294117647056 0.0036764705882352945 0.0036764705882352945 0.0036764705882352945 0.0036764705882352945 0.0036764705882352945 0.0036764705882352945 0.0036764705882352945 0.0036764705882352945 0.5183823529411765 0.0036764705882352945
0.0038167938931297713 0.0038167938931297713 0.1946564885496183 0.0038167938931297713 0.30916030534351147 0.0038167938931297713 0.0038167938931297713 0.0038167938931297713 0.0038167938931297713 0.4618320610687023 0.0038167938931297713 0.0038167938931297713
0.0026881720430107525 0.0026881720430107525 0.271505376344086 0.0026881720430107525 0.0026881720430107525 0.0026881720430107525 0.7016129032258064 0.0026881720430107525 0.0026881720430107525 0.0026881720430107525 0.0026881720430107525 0.0026881720430107525
0.003012048192771084 0.003012048192771084 0.003012048192771084 0.2439759036144578 0.003012048192771084 0.003012048192771084 0.003012048192771084 0.27409638554216864 0.003012048192771084 0.2439759036144578 0.21385542168674695 0.003012048192771084
0.0024271844660194173 0.026699029126213594 0.0024271844660194173 0.19660194174757278 0.0024271844660194173 0.0024271844660194173 0.0024271844660194173 0.0024271844660194173 0.0995145631067961 0.4878640776699029 0.12378640776699028 0.050970873786407765
0.003424657534246576 0.003424657534246576 0.27739726027397266 0.003424657534246576 0.003424657534246576 0.17465753424657535 0.003424657534246576 0.003424657534246576 0.003424657534246576 0.03767123287671234 0.48287671232876717 0.003424657534246576
