0.00617283950617284 0.00617283950617284 0.00617283950617284 0.00617283950617284 0.00617283950617284 0.5 0.00617283950617284 0.25308641975308643 0.12962962962962965 0.06790123456790124 0.00617283950617284 0.00617283950617284
0.00617283950617284 0.00617283950617284 0.4382716049382716 0.00617283950617284 0.00617283950617284 0.3765432098765432 0.00617283950617284 0.00617283950617284 0.06790123456790124 0.00617283950617284 0.00617283950617284 0.06790123456790124
0.09276018099547509 0.002262443438914027 0.09276018099547509 0.002262443438914027 0.07013574660633483 0.4547511312217194 0.002262443438914027 0.25113122171945695 0.002262443438914027 0.002262443438914027 0.002262443438914027 0.024886877828054293
0.11538461538461538 0.005494505494505494 0.005494505494505494 0.005494505494505494 0.1703296703296703 0.445054945054945 0.005494505494505494 0.005494505494505494 0.1703296703296703 0.005494505494505494 0.06043956043956043 0.005494505494505494
0.09821428571428574 0.008928571428571432 0.008928571428571432 0.008928571428571432 0.008928571428571432 0.8125000000000001 0.008928571428571432 0.008928571428571432 0.008928571428571432 0.008928571428571432 0.008928571428571432 0.008928571428571432
0.019230769230769235 0.019230769230769235 0.019230769230769235 0.019230769230769235 0.019230769230769235 0.5961538461538463 0.019230769230769235 0.019230769230769235 0.019230769230769235 0.019230769230769235 0.2115384615384616 0.019230769230769235
0.006172839506172842 0.006172839506172842 0.006172839506172842 0.006172839506172842 0.006172839506172842 0.5000000000000001 0.006172839506172842 0.06790123456790126 0.006172839506172842 0.006172839506172842 0.006172839506172842 0.37654320987654327
0.010869565217391306 0.010869565217391306 0.010869565217391306 0.010869565217391306 0.010869565217391306 0.6630434782608696 0.11956521739130437 0.010869565217391306 0.11956521739130437 0.010869565217391306 0.010869565217391306 0.010869565217391306
0.009803921568627454 0.009803921568627454 0.009803921568627454 0.107843137254902 0.009803921568627454 0.5980392156862746 0.009803921568627454 0.20588235294117652 0.009803921568627454 0.009803921568627454 0.009803921568627454 0.009803921568627454
0.008196721311475412 0.008196721311475412 0.008196721311475412 0.008196721311475412 0.008196721311475412 0.25409836065573776 0.008196721311475412 0.5000000000000001 0.09016393442622954 0.008196721311475412 0.008196721311475412 0.09016393442622954
0.08677685950413222 0.2520661157024793 0.045454545454545456 0.004132231404958678 0.004132231404958678 0.45867768595041314 0.004132231404958678 0.128099173553719 0.004132231404958678 0.004132231404958678 0.004132231404958678 0.004132231404958678
0.10937499999999994 0.005208333333333331 0.005208333333333331 0.005208333333333331 0.005208333333333331 0.8385416666666663 0.005208333333333331 0.005208333333333331 0.005208333333333331 0.005208333333333331 0.005208333333333331 0.005208333333333331
0.009803921568627453 0.009803921568627453 0.303921568627451 0.009803921568627453 0.009803921568627453 0.4019607843137255 0.009803921568627453 0.009803921568627453 0.2058823529411765 0.009803921568627453 0.009803921568627453 0.009803921568627453
0.14622641509433962 0.240566037735849 0.0047169811320754715 0.0047169811320754715 0.0047169811320754715 0.570754716981132 0.0047169811320754715 0.0047169811320754715 0.0047169811320754715 0.0047169811320754715 0.0047169811320754715 0.0047169811320754715
0.010869565217391306 0.010869565217391306 0.010869565217391306 0.010869565217391306 0.010869565217391306 0.5543478260869565 0.010869565217391306 0.010869565217391306 0.11956521739130437 0.010869565217391306 0.010869565217391306 0.2282608695652174
0.0045045045045045045 0.0045045045045045045 0.13963963963963963 0.0045045045045045045 0.0045045045045045045 0.3198198198198198 0.04954954954954955 0.45495495495495486 0.0045045045045045045 0.0045045045045045045 0.0045045045045045045 0.0045045045045045045
0.007575757575757577 0.23484848484848486 0.007575757575757577 0.007575757575757577 0.007575757575757577 0.23484848484848486 0.007575757575757577 0.007575757575757577 0.23484848484848486 0.23484848484848486 0.007575757575757577 0.007575757575757577
0.013888888888888892 0.013888888888888892 0.013888888888888892 0.013888888888888892 0.013888888888888892 0.2916666666666667 0.013888888888888892 0.013888888888888892 0.2916666666666667 0.013888888888888892 0.2916666666666667 0.013888888888888892
0.0070422535211267625 0.0070422535211267625 0.07746478873239439 0.147887323943662 0.07746478873239439 0.5000000000000001 0.0070422535211267625 0.0070422535211267625 0.147887323943662 0.0070422535211267625 0.0070422535211267625 0.0070422535211267625
0.17213114754098363 0.00819672131147541 0.00819672131147541 0.00819672131147541 0.00819672131147541 0.4180327868852459 0.00819672131147541 0.00819672131147541 0.00819672131147541 0.00819672131147541 0.00819672131147541 0.3360655737704918
0.010869565217391306 0.010869565217391306 0.010869565217391306 0.010869565217391306 0.010869565217391306 0.6630434782608696 0.010869565217391306 0.010869565217391306 0.2282608695652174 0.010869565217391306 0.010869565217391306 0.010869565217391306
0.005494505494505496 0.005494505494505496 0.005494505494505496 0.005494505494505496 0.005494505494505496 0.664835164835165 0.005494505494505496 0.005494505494505496 0.005494505494505496 0.06043956043956046 0.005494505494505496 0.2252747252747253
0.019230769230769235 0.2115384615384616 0.019230769230769235 0.019230769230769235 0.019230769230769235 0.4038461538461539 0.019230769230769235 0.019230769230769235 0.2115384615384616 0.019230769230769235 0.019230769230769235 0.019230769230769235
0.007042253521126762 0.007042253521126762 0.007042253521126762 0.007042253521126762 0.007042253521126762 0.2183098591549296 0.007042253521126762 0.007042253521126762 0.5 0.07746478873239437 0.007042253521126762 0.147887323943662
0.012195121951219514 0.012195121951219514 0.012195121951219514 0.13414634146341467 0.012195121951219514 0.6219512195121951 0.012195121951219514 0.012195121951219514 0.012195121951219514 0.012195121951219514 0.13414634146341467 0.012195121951219514
0.012195121951219514 0.13414634146341467 0.012195121951219514 0.012195121951219514 0.012195121951219514 0.6219512195121951 0.012195121951219514 0.012195121951219514 0.012195121951219514 0.012195121951219514 0.13414634146341467 0.012195121951219514
0.00495049504950495 0.10396039603960396 0.00495049504950495 0.00495049504950495 0.054455445544554455 0.4999999999999999 0.00495049504950495 0.3019801980198019 0.00495049504950495 0.00495049504950495 0.00495049504950495 0.00495049504950495
0.00617283950617284 0.19135802469135804 0.00617283950617284 0.00617283950617284 0.00617283950617284 0.5617283950617284 0.00617283950617284 0.00617283950617284 0.00617283950617284 0.19135802469135804 0.00617283950617284 0.00617283950617284
0.00819672131147541 0.4180327868852459 0.00819672131147541 0.09016393442622953 0.00819672131147541 0.17213114754098363 0.00819672131147541 0.00819672131147541 0.00819672131147541 0.2540983606557377 0.00819672131147541 0.00819672131147541
0.007575757575757578 0.08333333333333336 0.007575757575757578 0.007575757575757578 0.15909090909090912 0.6893939393939394 0.007575757575757578 0.007575757575757578 0.007575757575757578 0.007575757575757578 0.007575757575757578 0.007575757575757578
0.007575757575757578 0.08333333333333336 0.007575757575757578 0.007575757575757578 0.007575757575757578 0.6136363636363638 0.007575757575757578 0.08333333333333336 0.007575757575757578 0.007575757575757578 0.007575757575757578 0.15909090909090912
0.005494505494505494 0.22527472527472522 0.005494505494505494 0.005494505494505494 0.11538461538461538 0.5549450549450549 0.005494505494505494 0.005494505494505494 0.06043956043956043 0.005494505494505494 0.005494505494505494 0.005494505494505494
0.016129032258064523 0.17741935483870974 0.016129032258064523 0.016129032258064523 0.016129032258064523 0.6612903225806452 0.016129032258064523 0.016129032258064523 0.016129032258064523 0.016129032258064523 0.016129032258064523 0.016129032258064523
0.005494505494505494 0.06043956043956043 0.005494505494505494 0.005494505494505494 0.005494505494505494 0.3351648351648351 0.005494505494505494 0.39010989010989006 0.1703296703296703 0.005494505494505494 0.005494505494505494 0.005494505494505494
0.0070422535211267625 0.0070422535211267625 0.147887323943662 0.0070422535211267625 0.0070422535211267625 0.5000000000000001 0.0070422535211267625 0.147887323943662 0.0070422535211267625 0.0070422535211267625 0.0070422535211267625 0.147887323943662
0.09016393442622954 0.008196721311475412 0.008196721311475412 0.008196721311475412 0.008196721311475412 0.5000000000000001 0.008196721311475412 0.008196721311475412 0.33606557377049184 0.008196721311475412 0.008196721311475412 0.008196721311475412
0.006578947368421054 0.006578947368421054 0.006578947368421054 0.006578947368421054 0.006578947368421054 0.5986842105263158 0.006578947368421054 0.006578947368421054 0.33552631578947373 0.006578947368421054 0.006578947368421054 0.006578947368421054
0.006578947368421054 0.006578947368421054 0.006578947368421054 0.006578947368421054 0.006578947368421054 0.5986842105263158 0.13815789473684215 0.20394736842105268 0.006578947368421054 0.006578947368421054 0.006578947368421054 0.006578947368421054
0.25308641975308643 0.00617283950617284 0.00617283950617284 0.00617283950617284 0.00617283950617284 0.4382716049382716 0.00617283950617284 0.25308641975308643 0.00617283950617284 0.00617283950617284 0.00617283950617284 0.00617283950617284
0.00617283950617284 0.00617283950617284 0.00617283950617284 0.00617283950617284 0.06790123456790124 0.5617283950617284 0.3148148148148148 0.00617283950617284 0.00617283950617284 0.00617283950617284 0.00617283950617284 0.00617283950617284
0.004950495049504949 0.05445544554455444 0.004950495049504949 0.004950495049504949 0.004950495049504949 0.7970297029702968 0.004950495049504949 0.10396039603960393 0.004950495049504949 0.004950495049504949 0.004950495049504949 0.004950495049504949
0.0045045045045045045 0.0045045045045045045 0.13963963963963963 0.0045045045045045045 0.09459459459459459 0.6351351351351351 0.09459459459459459 0.0045045045045045045 0.0045045045045045045 0.0045045045045045045 0.0045045045045045045 0.0045045045045045045
0.012195121951219514 0.012195121951219514 0.012195121951219514 0.012195121951219514 0.012195121951219514 0.6219512195121951 0.012195121951219514 0.012195121951219514 0.012195121951219514 0.012195121951219514 0.012195121951219514 0.25609756097560976
0.04954954954954955 0.0045045045045045045 0.0045045045045045045 0.0045045045045045045 0.0045045045045045045 0.6351351351351351 0.0045045045045045045 0.0045045045045045045 0.27477477477477474 0.0045045045045045045 0.0045045045045045045 0.0045045045045045045
0.013888888888888893 0.013888888888888893 0.013888888888888893 0.013888888888888893 0.013888888888888893 0.8472222222222223 0.013888888888888893 0.013888888888888893 0.013888888888888893 0.013888888888888893 0.013888888888888893 0.013888888888888893
0.0723684210526316 0.006578947368421054 0.20394736842105268 0.0723684210526316 0.006578947368421054 0.4671052631578948 0.006578947368421054 0.13815789473684215 0.006578947368421054 0.006578947368421054 0.006578947368421054 0.006578947368421054
0.010869565217391306 0.11956521739130437 0.010869565217391306 0.11956521739130437 0.010869565217391306 0.44565217391304346 0.010869565217391306 0.010869565217391306 0.010869565217391306 0.010869565217391306 0.2282608695652174 0.010869565217391306
0.007575757575757578 0.08333333333333336 0.08333333333333336 0.007575757575757578 0.15909090909090912 0.6136363636363638 0.007575757575757578 0.007575757575757578 0.007575757575757578 0.007575757575757578 0.007575757575757578 0.007575757575757578
0.0070422535211267625 0.147887323943662 0.0070422535211267625 0.0070422535211267625 0.147887323943662 0.6408450704225352 0.0070422535211267625 0.0070422535211267625 0.0070422535211267625 0.0070422535211267625 0.0070422535211267625 0.0070422535211267625
0.2540983606557377 0.00819672131147541 0.00819672131147541 0.17213114754098363 0.00819672131147541 0.4180327868852459 0.00819672131147541 0.09016393442622953 0.00819672131147541 0.00819672131147541 0.00819672131147541 0.00819672131147541
0.00617283950617284 0.06790123456790124 0.00617283950617284 0.00617283950617284 0.00617283950617284 0.808641975308642 0.00617283950617284 0.00617283950617284 0.00617283950617284 0.06790123456790124 0.00617283950617284 0.00617283950617284
0.010869565217391306 0.010869565217391306 0.010869565217391306 0.010869565217391306 0.010869565217391306 0.44565217391304346 0.11956521739130437 0.2282608695652174 0.010869565217391306 0.010869565217391306 0.11956521739130437 0.010869565217391306
0.09821428571428574 0.008928571428571432 0.008928571428571432 0.008928571428571432 0.008928571428571432 0.8125000000000001 0.008928571428571432 0.008928571428571432 0.008928571428571432 0.008928571428571432 0.008928571428571432 0.008928571428571432
0.005813953488372092 0.005813953488372092 0.005813953488372092 0.005813953488372092 0.005813953488372092 0.6453488372093023 0.005813953488372092 0.29651162790697666 0.005813953488372092 0.005813953488372092 0.005813953488372092 0.005813953488372092
0.01612903225806452 0.33870967741935487 0.01612903225806452 0.01612903225806452 0.01612903225806452 0.5000000000000001 0.01612903225806452 0.01612903225806452 0.01612903225806452 0.01612903225806452 0.01612903225806452 0.01612903225806452
0.008928571428571432 0.008928571428571432 0.008928571428571432 0.008928571428571432 0.008928571428571432 0.3660714285714286 0.008928571428571432 0.4553571428571429 0.09821428571428574 0.008928571428571432 0.008928571428571432 0.008928571428571432
0.08677685950413222 0.004132231404958678 0.045454545454545456 0.004132231404958678 0.004132231404958678 0.4173553719008264 0.08677685950413222 0.2933884297520661 0.004132231404958678 0.045454545454545456 0.004132231404958678 0.004132231404958678
0.008196721311475412 0.008196721311475412 0.008196721311475412 0.008196721311475412 0.008196721311475412 0.5000000000000001 0.008196721311475412 0.09016393442622954 0.008196721311475412 0.008196721311475412 0.33606557377049184 0.008196721311475412
0.023809523809523815 0.023809523809523815 0.023809523809523815 0.023809523809523815 0.023809523809523815 0.7380952380952382 0.023809523809523815 0.023809523809523815 0.023809523809523815 0.023809523809523815 0.023809523809523815 0.023809523809523815
0.009803921568627454 0.009803921568627454 0.009803921568627454 0.009803921568627454 0.009803921568627454 0.5980392156862746 0.30392156862745107 0.009803921568627454 0.009803921568627454 0.009803921568627454 0.009803921568627454 0.009803921568627454
0.0070422535211267625 0.0070422535211267625 0.0070422535211267625 0.0070422535211267625 0.0070422535211267625 0.5704225352112677 0.0070422535211267625 0.0070422535211267625 0.0070422535211267625 0.0070422535211267625 0.3591549295774648 0.0070422535211267625
0.008196721311475412 0.008196721311475412 0.008196721311475412 0.008196721311475412 0.008196721311475412 0.5819672131147542 0.17213114754098366 0.008196721311475412 0.17213114754098366 0.008196721311475412 0.008196721311475412 0.008196721311475412
0.006172839506172842 0.006172839506172842 0.12962962962962968 0.006172839506172842 0.006172839506172842 0.5000000000000001 0.006172839506172842 0.006172839506172842 0.006172839506172842 0.006172839506172842 0.006172839506172842 0.3148148148148149
0.008928571428571432 0.008928571428571432 0.008928571428571432 0.008928571428571432 0.008928571428571432 0.3660714285714286 0.008928571428571432 0.008928571428571432 0.5446428571428572 0.008928571428571432 0.008928571428571432 0.008928571428571432
0.00819672131147541 0.00819672131147541 0.00819672131147541 0.00819672131147541 0.00819672131147541 0.17213114754098363 0.17213114754098363 0.00819672131147541 0.5819672131147541 0.00819672131147541 0.00819672131147541 0.00819672131147541
0.004132231404958678 0.004132231404958678 0.08677685950413222 0.004132231404958678 0.045454545454545456 0.6239669421487603 0.004132231404958678 0.08677685950413222 0.128099173553719 0.004132231404958678 0.004132231404958678 0.004132231404958678
0.06730769230769229 0.003205128205128204 0.003205128205128204 0.06730769230769229 0.03525641025641025 0.6762820512820511 0.003205128205128204 0.003205128205128204 0.13141025641025636 0.003205128205128204 0.003205128205128204 0.003205128205128204
0.002617801047120419 0.002617801047120419 0.002617801047120419 0.2120418848167539 0.002617801047120419 0.4476439790575916 0.05497382198952879 0.002617801047120419 0.10732984293193716 0.10732984293193716 0.002617801047120419 0.05497382198952879
0.003968253968253968 0.003968253968253968 0.08333333333333333 0.36111111111111105 0.003968253968253968 0.12301587301587301 0.003968253968253968 0.12301587301587301 0.16269841269841268 0.12301587301587301 0.003968253968253968 0.003968253968253968
0.019230769230769235 0.2115384615384616 0.019230769230769235 0.2115384615384616 0.019230769230769235 0.4038461538461539 0.019230769230769235 0.019230769230769235 0.019230769230769235 0.019230769230769235 0.019230769230769235 0.019230769230769235
0.2058823529411765 0.009803921568627453 0.009803921568627453 0.009803921568627453 0.303921568627451 0.4019607843137255 0.009803921568627453 0.009803921568627453 0.009803921568627453 0.009803921568627453 0.009803921568627453 0.009803921568627453
0.1688741721854304 0.003311258278145695 0.0695364238410596 0.003311258278145695 0.20198675496688737 0.5331125827814569 0.003311258278145695 0.003311258278145695 0.003311258278145695 0.003311258278145695 0.003311258278145695 0.003311258278145695
0.012195121951219514 0.012195121951219514 0.25609756097560976 0.012195121951219514 0.012195121951219514 0.5 0.012195121951219514 0.012195121951219514 0.012195121951219514 0.012195121951219514 0.012195121951219514 0.13414634146341467
0.010869565217391308 0.010869565217391308 0.010869565217391308 0.010869565217391308 0.010869565217391308 0.8804347826086959 0.010869565217391308 0.010869565217391308 0.010869565217391308 0.010869565217391308 0.010869565217391308 0.010869565217391308
0.013888888888888888 0.15277777777777776 0.013888888888888888 0.013888888888888888 0.013888888888888888 0.15277777777777776 0.15277777777777776 0.013888888888888888 0.013888888888888888 0.013888888888888888 0.013888888888888888 0.4305555555555555
0.2058823529411765 0.009803921568627453 0.009803921568627453 0.009803921568627453 0.009803921568627453 0.696078431372549 0.009803921568627453 0.009803921568627453 0.009803921568627453 0.009803921568627453 0.009803921568627453 0.009803921568627453
0.008196721311475412 0.008196721311475412 0.17213114754098366 0.008196721311475412 0.008196721311475412 0.418032786885246 0.25409836065573776 0.008196721311475412 0.09016393442622954 0.008196721311475412 0.008196721311475412 0.008196721311475412
0.00892857142857143 0.00892857142857143 0.00892857142857143 0.00892857142857143 0.00892857142857143 0.45535714285714285 0.00892857142857143 0.09821428571428573 0.00892857142857143 0.36607142857142855 0.00892857142857143 0.00892857142857143
0.00617283950617284 0.25308641975308643 0.12962962962962965 0.00617283950617284 0.00617283950617284 0.3765432098765432 0.00617283950617284 0.00617283950617284 0.00617283950617284 0.00617283950617284 0.12962962962962965 0.06790123456790124
0.2439759036144578 0.003012048192771084 0.003012048192771084 0.003012048192771084 0.003012048192771084 0.48493975903614456 0.003012048192771084 0.003012048192771084 0.12349397590361444 0.003012048192771084 0.12349397590361444 0.003012048192771084
0.009803921568627453 0.5980392156862745 0.009803921568627453 0.009803921568627453 0.009803921568627453 0.303921568627451 0.009803921568627453 0.009803921568627453 0.009803921568627453 0.009803921568627453 0.009803921568627453 0.009803921568627453
0.012195121951219514 0.13414634146341467 0.012195121951219514 0.25609756097560976 0.13414634146341467 0.37804878048780494 0.012195121951219514 0.012195121951219514 0.012195121951219514 0.012195121951219514 0.012195121951219514 0.012195121951219514
0.004310344827586207 0.21982758620689652 0.004310344827586207 0.09051724137931033 0.004310344827586207 0.43534482758620685 0.004310344827586207 0.004310344827586207 0.21982758620689652 0.004310344827586207 0.004310344827586207 0.004310344827586207
0.012195121951219514 0.012195121951219514 0.012195121951219514 0.012195121951219514 0.012195121951219514 0.25609756097560976 0.012195121951219514 0.012195121951219514 0.012195121951219514 0.012195121951219514 0.012195121951219514 0.6219512195121951
0.01923076923076924 0.01923076923076924 0.01923076923076924 0.01923076923076924 0.01923076923076924 0.7884615384615387 0.01923076923076924 0.01923076923076924 0.01923076923076924 0.01923076923076924 0.01923076923076924 0.01923076923076924
0.0070422535211267625 0.0070422535211267625 0.0070422535211267625 0.0070422535211267625 0.0070422535211267625 0.9225352112676057 0.0070422535211267625 0.0070422535211267625 0.0070422535211267625 0.0070422535211267625 0.0070422535211267625 0.0070422535211267625
0.09821428571428574 0.008928571428571432 0.008928571428571432 0.008928571428571432 0.008928571428571432 0.3660714285714286 0.09821428571428574 0.008928571428571432 0.3660714285714286 0.008928571428571432 0.008928571428571432 0.008928571428571432
0.0070422535211267625 0.0070422535211267625 0.0070422535211267625 0.6408450704225352 0.147887323943662 0.0070422535211267625 0.0070422535211267625 0.147887323943662 0.0070422535211267625 0.0070422535211267625 0.0070422535211267625 0.0070422535211267625
0.005208333333333333 0.10937499999999999 0.005208333333333333 0.5260416666666665 0.16145833333333331 0.005208333333333333 0.10937499999999999 0.005208333333333333 0.005208333333333333 0.005208333333333333 0.057291666666666664 0.005208333333333333
0.008196721311475412 0.008196721311475412 0.008196721311475412 0.6639344262295083 0.008196721311475412 0.008196721311475412 0.008196721311475412 0.09016393442622954 0.008196721311475412 0.17213114754098366 0.008196721311475412 0.008196721311475412
0.00819672131147541 0.00819672131147541 0.09016393442622953 0.4180327868852459 0.00819672131147541 0.00819672131147541 0.00819672131147541 0.00819672131147541 0.09016393442622953 0.00819672131147541 0.3360655737704918 0.00819672131147541
0.13414634146341467 0.25609756097560976 0.012195121951219514 0.25609756097560976 0.13414634146341467 0.012195121951219514 0.012195121951219514 0.012195121951219514 0.13414634146341467 0.012195121951219514 0.012195121951219514 0.012195121951219514
0.21982758620689652 0.004310344827586207 0.26293103448275856 0.26293103448275856 0.004310344827586207 0.004310344827586207 0.04741379310344827 0.004310344827586207 0.17672413793103445 0.004310344827586207 0.004310344827586207 0.004310344827586207
0.013888888888888893 0.15277777777777782 0.013888888888888893 0.7083333333333335 0.013888888888888893 0.013888888888888893 0.013888888888888893 0.013888888888888893 0.013888888888888893 0.013888888888888893 0.013888888888888893 0.013888888888888893
0.005813953488372092 0.005813953488372092 0.005813953488372092 0.18023255813953487 0.06395348837209301 0.005813953488372092 0.06395348837209301 0.005813953488372092 0.5290697674418604 0.005813953488372092 0.12209302325581393 0.005813953488372092
0.003676470588235294 0.29779411764705876 0.003676470588235294 0.37132352941176466 0.003676470588235294 0.003676470588235294 0.003676470588235294 0.003676470588235294 0.15073529411764702 0.003676470588235294 0.15073529411764702 0.003676470588235294
0.016129032258064516 0.1774193548387097 0.016129032258064516 0.016129032258064516 0.016129032258064516 0.016129032258064516 0.016129032258064516 0.016129032258064516 0.016129032258064516 0.1774193548387097 0.5 0.016129032258064516
0.009803921568627453 0.2058823529411765 0.10784313725490198 0.10784313725490198 0.009803921568627453 0.009803921568627453 0.2058823529411765 0.009803921568627453 0.009803921568627453 0.009803921568627453 0.009803921568627453 0.303921568627451
0.005494505494505494 0.22527472527472522 0.005494505494505494 0.005494505494505494 0.005494505494505494 0.005494505494505494 0.3351648351648351 0.005494505494505494 0.39010989010989006 0.005494505494505494 0.005494505494505494 0.005494505494505494
0.09821428571428574 0.3660714285714286 0.008928571428571432 0.008928571428571432 0.008928571428571432 0.3660714285714286 0.008928571428571432 0.008928571428571432 0.008928571428571432 0.008928571428571432 0.09821428571428574 0.008928571428571432
0.035256410256410256 0.035256410256410256 0.003205128205128205 0.2596153846153846 0.003205128205128205 0.09935897435897435 0.003205128205128205 0.16346153846153844 0.003205128205128205 0.003205128205128205 0.0673076923076923 0.3237179487179487
0.010869565217391306 0.44565217391304346 0.010869565217391306 0.010869565217391306 0.010869565217391306 0.010869565217391306 0.010869565217391306 0.010869565217391306 0.2282608695652174 0.11956521739130437 0.11956521739130437 0.010869565217391306
0.023809523809523815 0.023809523809523815 0.023809523809523815 0.261904761904762 0.261904761904762 0.023809523809523815 0.023809523809523815 0.023809523809523815 0.023809523809523815 0.261904761904762 0.023809523809523815 0.023809523809523815
0.008928571428571432 0.6339285714285715 0.18750000000000006 0.008928571428571432 0.008928571428571432 0.008928571428571432 0.008928571428571432 0.008928571428571432 0.008928571428571432 0.09821428571428574 0.008928571428571432 0.008928571428571432
0.013888888888888892 0.013888888888888892 0.013888888888888892 0.43055555555555564 0.013888888888888892 0.013888888888888892 0.43055555555555564 0.013888888888888892 0.013888888888888892 0.013888888888888892 0.013888888888888892 0.013888888888888892
0.007042253521126763 0.28873239436619724 0.0774647887323944 0.21830985915492965 0.007042253521126763 0.28873239436619724 0.007042253521126763 0.007042253521126763 0.007042253521126763 0.007042253521126763 0.0774647887323944 0.007042253521126763
0.012195121951219514 0.5 0.13414634146341467 0.012195121951219514 0.012195121951219514 0.25609756097560976 0.012195121951219514 0.012195121951219514 0.012195121951219514 0.012195121951219514 0.012195121951219514 0.012195121951219514
0.006578947368421053 0.006578947368421053 0.07236842105263158 0.4013157894736842 0.006578947368421053 0.13815789473684212 0.006578947368421053 0.006578947368421053 0.006578947368421053 0.26973684210526316 0.07236842105263158 0.006578947368421053
0.007575757575757577 0.5378787878787878 0.007575757575757577 0.007575757575757577 0.08333333333333334 0.007575757575757577 0.007575757575757577 0.08333333333333334 0.007575757575757577 0.007575757575757577 0.08333333333333334 0.15909090909090912
0.009803921568627453 0.303921568627451 0.009803921568627453 0.10784313725490198 0.009803921568627453 0.009803921568627453 0.2058823529411765 0.009803921568627453 0.009803921568627453 0.009803921568627453 0.303921568627451 0.009803921568627453
0.031249999999999997 0.031249999999999997 0.031249999999999997 0.34374999999999994 0.031249999999999997 0.031249999999999997 0.031249999999999997 0.031249999999999997 0.031249999999999997 0.031249999999999997 0.031249999999999997 0.34374999999999994
0.5694444444444445 0.013888888888888893 0.013888888888888893 0.29166666666666674 0.013888888888888893 0.013888888888888893 0.013888888888888893 0.013888888888888893 0.013888888888888893 0.013888888888888893 0.013888888888888893 0.013888888888888893
0.019230769230769235 0.4038461538461539 0.019230769230769235 0.019230769230769235 0.019230769230769235 0.019230769230769235 0.019230769230769235 0.019230769230769235 0.019230769230769235 0.2115384615384616 0.019230769230769235 0.2115384615384616
0.013888888888888892 0.2916666666666667 0.013888888888888892 0.013888888888888892 0.013888888888888892 0.013888888888888892 0.013888888888888892 0.013888888888888892 0.013888888888888892 0.013888888888888892 0.5694444444444444 0.013888888888888892
0.008196721311475412 0.008196721311475412 0.008196721311475412 0.9098360655737706 0.008196721311475412 0.008196721311475412 0.008196721311475412 0.008196721311475412 0.008196721311475412 0.008196721311475412 0.008196721311475412 0.008196721311475412
0.008196721311475412 0.008196721311475412 0.008196721311475412 0.9098360655737706 0.008196721311475412 0.008196721311475412 0.008196721311475412 0.008196721311475412 0.008196721311475412 0.008196721311475412 0.008196721311475412 0.008196721311475412
0.006578947368421054 0.33552631578947373 0.006578947368421054 0.40131578947368424 0.006578947368421054 0.006578947368421054 0.006578947368421054 0.006578947368421054 0.006578947368421054 0.006578947368421054 0.20394736842105268 0.006578947368421054
0.012195121951219514 0.13414634146341467 0.012195121951219514 0.37804878048780494 0.012195121951219514 0.25609756097560976 0.012195121951219514 0.13414634146341467 0.012195121951219514 0.012195121951219514 0.012195121951219514 0.012195121951219514
0.008196721311475412 0.008196721311475412 0.008196721311475412 0.6639344262295083 0.008196721311475412 0.008196721311475412 0.008196721311475412 0.09016393442622954 0.008196721311475412 0.008196721311475412 0.17213114754098366 0.008196721311475412
0.42957746478873243 0.3591549295774648 0.0070422535211267625 0.0070422535211267625 0.0070422535211267625 0.0070422535211267625 0.0070422535211267625 0.147887323943662 0.0070422535211267625 0.0070422535211267625 0.0070422535211267625 0.0070422535211267625
0.023809523809523805 0.26190476190476186 0.023809523809523805 0.023809523809523805 0.023809523809523805 0.26190476190476186 0.023809523809523805 0.023809523809523805 0.023809523809523805 0.023809523809523805 0.023809523809523805 0.26190476190476186
0.0070422535211267625 0.5000000000000001 0.0070422535211267625 0.0070422535211267625 0.0070422535211267625 0.0070422535211267625 0.147887323943662 0.2887323943661972 0.0070422535211267625 0.0070422535211267625 0.0070422535211267625 0.0070422535211267625
0.01612903225806452 0.01612903225806452 0.5000000000000001 0.01612903225806452 0.17741935483870971 0.01612903225806452 0.01612903225806452 0.01612903225806452 0.01612903225806452 0.17741935483870971 0.01612903225806452 0.01612903225806452
0.010869565217391306 0.7717391304347826 0.010869565217391306 0.010869565217391306 0.010869565217391306 0.010869565217391306 0.010869565217391306 0.010869565217391306 0.11956521739130437 0.010869565217391306 0.010869565217391306 0.010869565217391306
0.012195121951219514 0.012195121951219514 0.012195121951219514 0.25609756097560976 0.012195121951219514 0.012195121951219514 0.012195121951219514 0.6219512195121951 0.012195121951219514 0.012195121951219514 0.012195121951219514 0.012195121951219514
0.17741935483870974 0.6612903225806452 0.016129032258064523 0.016129032258064523 0.016129032258064523 0.016129032258064523 0.016129032258064523 0.016129032258064523 0.016129032258064523 0.016129032258064523 0.016129032258064523 0.016129032258064523
0.10784313725490198 0.4019607843137255 0.009803921568627453 0.009803921568627453 0.009803921568627453 0.009803921568627453 0.009803921568627453 0.009803921568627453 0.009803921568627453 0.4019607843137255 0.009803921568627453 0.009803921568627453
0.019230769230769235 0.5961538461538463 0.019230769230769235 0.019230769230769235 0.019230769230769235 0.019230769230769235 0.019230769230769235 0.019230769230769235 0.019230769230769235 0.2115384615384616 0.019230769230769235 0.019230769230769235
0.008928571428571432 0.8125000000000001 0.008928571428571432 0.09821428571428574 0.008928571428571432 0.008928571428571432 0.008928571428571432 0.008928571428571432 0.008928571428571432 0.008928571428571432 0.008928571428571432 0.008928571428571432
0.023809523809523808 0.023809523809523808 0.023809523809523808 0.2619047619047619 0.023809523809523808 0.2619047619047619 0.023809523809523808 0.023809523809523808 0.023809523809523808 0.023809523809523808 0.2619047619047619 0.023809523809523808
0.40131578947368424 0.006578947368421054 0.0723684210526316 0.26973684210526316 0.006578947368421054 0.006578947368421054 0.006578947368421054 0.006578947368421054 0.20394736842105268 0.006578947368421054 0.006578947368421054 0.006578947368421054
0.147887323943662 0.35915492957746475 0.007042253521126762 0.007042253521126762 0.007042253521126762 0.007042253521126762 0.007042253521126762 0.007042253521126762 0.007042253521126762 0.2183098591549296 0.2183098591549296 0.007042253521126762
0.005494505494505494 0.1703296703296703 0.005494505494505494 0.22527472527472522 0.11538461538461538 0.39010989010989006 0.005494505494505494 0.005494505494505494 0.06043956043956043 0.005494505494505494 0.005494505494505494 0.005494505494505494
0.009803921568627454 0.40196078431372556 0.009803921568627454 0.009803921568627454 0.009803921568627454 0.009803921568627454 0.009803921568627454 0.40196078431372556 0.009803921568627454 0.009803921568627454 0.107843137254902 0.009803921568627454
0.010869565217391308 0.010869565217391308 0.1195652173913044 0.7717391304347828 0.010869565217391308 0.010869565217391308 0.010869565217391308 0.010869565217391308 0.010869565217391308 0.010869565217391308 0.010869565217391308 0.010869565217391308
0.00892857142857143 0.00892857142857143 0.00892857142857143 0.5446428571428571 0.00892857142857143 0.00892857142857143 0.00892857142857143 0.2767857142857143 0.00892857142857143 0.00892857142857143 0.00892857142857143 0.09821428571428573
0.17741935483870971 0.01612903225806452 0.17741935483870971 0.01612903225806452 0.01612903225806452 0.01612903225806452 0.01612903225806452 0.5000000000000001 0.01612903225806452 0.01612903225806452 0.01612903225806452 0.01612903225806452
0.17741935483870966 0.016129032258064516 0.016129032258064516 0.016129032258064516 0.016129032258064516 0.016129032258064516 0.016129032258064516 0.016129032258064516 0.17741935483870966 0.016129032258064516 0.016129032258064516 0.49999999999999994
0.009803921568627454 0.7941176470588237 0.009803921568627454 0.009803921568627454 0.009803921568627454 0.009803921568627454 0.009803921568627454 0.009803921568627454 0.107843137254902 0.009803921568627454 0.009803921568627454 0.009803921568627454
0.006578947368421053 0.006578947368421053 0.006578947368421053 0.46710526315789475 0.07236842105263158 0.006578947368421053 0.006578947368421053 0.07236842105263158 0.006578947368421053 0.20394736842105265 0.13815789473684212 0.006578947368421053
0.009803921568627453 0.009803921568627453 0.2058823529411765 0.2058823529411765 0.009803921568627453 0.10784313725490198 0.2058823529411765 0.009803921568627453 0.009803921568627453 0.2058823529411765 0.009803921568627453 0.009803921568627453
0.009803921568627454 0.009803921568627454 0.009803921568627454 0.8921568627450982 0.009803921568627454 0.009803921568627454 0.009803921568627454 0.009803921568627454 0.009803921568627454 0.009803921568627454 0.009803921568627454 0.009803921568627454
0.2058823529411765 0.009803921568627453 0.009803921568627453 0.5 0.009803921568627453 0.009803921568627453 0.2058823529411765 0.009803921568627453 0.009803921568627453 0.009803921568627453 0.009803921568627453 0.009803921568627453
0.2916666666666667 0.43055555555555564 0.013888888888888892 0.15277777777777782 0.013888888888888892 0.013888888888888892 0.013888888888888892 0.013888888888888892 0.013888888888888892 0.013888888888888892 0.013888888888888892 0.013888888888888892
0.17741935483870971 0.01612903225806452 0.01612903225806452 0.01612903225806452 0.01612903225806452 0.01612903225806452 0.17741935483870971 0.33870967741935487 0.01612903225806452 0.01612903225806452 0.01612903225806452 0.17741935483870971
0.007575757575757578 0.15909090909090912 0.007575757575757578 0.007575757575757578 0.007575757575757578 0.6136363636363638 0.007575757575757578 0.007575757575757578 0.08333333333333336 0.007575757575757578 0.08333333333333336 0.007575757575757578
0.013888888888888893 0.29166666666666674 0.013888888888888893 0.5694444444444445 0.013888888888888893 0.013888888888888893 0.013888888888888893 0.013888888888888893 0.013888888888888893 0.013888888888888893 0.013888888888888893 0.013888888888888893
0.012195121951219514 0.012195121951219514 0.012195121951219514 0.25609756097560976 0.012195121951219514 0.012195121951219514 0.012195121951219514 0.5 0.012195121951219514 0.012195121951219514 0.13414634146341467 0.012195121951219514
0.6960784313725491 0.009803921568627454 0.009803921568627454 0.20588235294117652 0.009803921568627454 0.009803921568627454 0.009803921568627454 0.009803921568627454 0.009803921568627454 0.009803921568627454 0.009803921568627454 0.009803921568627454
0.6630434782608697 0.010869565217391308 0.010869565217391308 0.22826086956521746 0.010869565217391308 0.010869565217391308 0.010869565217391308 0.010869565217391308 0.010869565217391308 0.010869565217391308 0.010869565217391308 0.010869565217391308
0.23484848484848486 0.007575757575757577 0.007575757575757577 0.15909090909090912 0.007575757575757577 0.007575757575757577 0.007575757575757577 0.007575757575757577 0.007575757575757577 0.5378787878787878 0.007575757575757577 0.007575757575757577
0.013888888888888892 0.013888888888888892 0.013888888888888892 0.15277777777777782 0.013888888888888892 0.013888888888888892 0.15277777777777782 0.013888888888888892 0.013888888888888892 0.5694444444444444 0.013888888888888892 0.013888888888888892
0.010869565217391308 0.8804347826086959 0.010869565217391308 0.010869565217391308 0.010869565217391308 0.010869565217391308 0.010869565217391308 0.010869565217391308 0.010869565217391308 0.010869565217391308 0.010869565217391308 0.010869565217391308
0.04545454545454544 0.04545454545454544 0.04545454545454544 0.4999999999999999 0.04545454545454544 0.04545454545454544 0.04545454545454544 0.04545454545454544 0.04545454545454544 0.04545454545454544 0.04545454545454544 0.04545454545454544
0.0049504950495049506 0.10396039603960397 0.0049504950495049506 0.0049504950495049506 0.15346534653465346 0.0049504950495049506 0.0049504950495049506 0.05445544554455446 0.0049504950495049506 0.400990099009901 0.0049504950495049506 0.2524752475247525
0.00819672131147541 0.4180327868852459 0.09016393442622953 0.09016393442622953 0.00819672131147541 0.17213114754098363 0.00819672131147541 0.17213114754098363 0.00819672131147541 0.00819672131147541 0.00819672131147541 0.00819672131147541
0.00892857142857143 0.00892857142857143 0.2767857142857143 0.00892857142857143 0.18750000000000003 0.00892857142857143 0.00892857142857143 0.36607142857142855 0.00892857142857143 0.09821428571428573 0.00892857142857143 0.00892857142857143
0.004504504504504505 0.3198198198198199 0.049549549549549564 0.004504504504504505 0.004504504504504505 0.004504504504504505 0.004504504504504505 0.004504504504504505 0.004504504504504505 0.004504504504504505 0.049549549549549564 0.5450450450450451
0.005494505494505495 0.22527472527472525 0.005494505494505495 0.005494505494505495 0.005494505494505495 0.005494505494505495 0.005494505494505495 0.554945054945055 0.005494505494505495 0.11538461538461539 0.06043956043956045 0.005494505494505495
0.08015267175572519 0.003816793893129771 0.1564885496183206 0.3854961832061068 0.08015267175572519 0.003816793893129771 0.19465648854961828 0.003816793893129771 0.003816793893129771 0.003816793893129771 0.003816793893129771 0.08015267175572519
0.007042253521126762 0.007042253521126762 0.07746478873239437 0.007042253521126762 0.007042253521126762 0.007042253521126762 0.007042253521126762 0.007042253521126762 0.35915492957746475 0.5 0.007042253521126762 0.007042253521126762
0.6098901098901097 0.06043956043956043 0.11538461538461538 0.005494505494505494 0.005494505494505494 0.005494505494505494 0.005494505494505494 0.06043956043956043 0.005494505494505494 0.11538461538461538 0.005494505494505494 0.005494505494505494
