0.0028248587570621473 0.08757062146892657 0.6242937853107345 0.2853107344632768
0.002604166666666667 0.18489583333333334 0.44531250000000006 0.3671875
0.003184713375796178 0.7993630573248407 0.003184713375796178 0.19426751592356684
0.002906976744186047 0.002906976744186047 0.6424418604651163 0.35174418604651164
0.0024752475247524753 0.12623762376237624 0.6707920792079208 0.2004950495049505
0.0027472527472527475 0.16758241758241757 0.5521978021978022 0.2774725274725275
0.011904761904761908 0.011904761904761908 0.9642857142857144 0.011904761904761908
0.0028248587570621473 0.2570621468926554 0.652542372881356 0.08757062146892657
0.00574712643678161 0.00574712643678161 0.5229885057471264 0.4655172413793104
0.004273504273504273 0.987179487179487 0.004273504273504273 0.004273504273504273
0.0049019607843137246 0.8872549019607842 0.10294117647058822 0.0049019607843137246
0.6338582677165353 0.358267716535433 0.003937007874015747 0.003937007874015747
0.004098360655737704 0.7008196721311475 0.004098360655737704 0.290983606557377
0.004672897196261681 0.9859813084112148 0.004672897196261681 0.004672897196261681
0.004672897196261681 0.7990654205607475 0.1915887850467289 0.004672897196261681
0.004098360655737705 0.29098360655737704 0.29098360655737704 0.4139344262295082
0.043307086614173235 0.24015748031496062 0.2795275590551181 0.43700787401574803
0.003937007874015748 0.003937007874015748 0.9488188976377953 0.04330708661417323
0.004464285714285715 0.5401785714285714 0.27232142857142855 0.18303571428571427
0.010638297872340427 0.43617021276595747 0.5425531914893618 0.010638297872340427
0.17957746478873238 0.2852112676056338 0.003521126760563381 0.5316901408450705
0.16141732283464566 0.4763779527559055 0.3188976377952756 0.043307086614173235
0.004273504273504273 0.004273504273504273 0.9871794871794871 0.004273504273504273
0.004901960784313726 0.3480392156862745 0.6421568627450981 0.004901960784313726
0.004273504273504274 0.6025641025641025 0.3888888888888889 0.004273504273504274
0.00806451612903226 0.9758064516129034 0.00806451612903226 0.00806451612903226
0.004672897196261681 0.7523364485981308 0.004672897196261681 0.2383177570093457
0.004464285714285715 0.4955357142857143 0.004464285714285715 0.4955357142857143
0.10915492957746477 0.8838028169014083 0.00352112676056338 0.00352112676056338
0.011904761904761908 0.9642857142857144 0.011904761904761908 0.011904761904761908
0.003401360544217687 0.3095238095238095 0.6836734693877551 0.003401360544217687
0.18303571428571427 0.5848214285714286 0.22767857142857142 0.004464285714285715
0.0037878787878787884 0.45833333333333337 0.42045454545454547 0.11742424242424243
0.006097560975609757 0.676829268292683 0.31097560975609756 0.006097560975609757
0.5234375 0.28906249999999994 0.13281249999999997 0.05468749999999999
0.2606837606837607 0.4743589743589744 0.2606837606837607 0.004273504273504274
0.11413043478260869 0.16847826086956522 0.6032608695652173 0.11413043478260869
0.3188976377952756 0.003937007874015749 0.3582677165354331 0.3188976377952756
0.007462686567164181 0.007462686567164181 0.9776119402985075 0.007462686567164181
0.002906976744186046 0.002906976744186046 0.5261627906976744 0.46802325581395343
0.24396135265700483 0.050724637681159424 0.3164251207729469 0.38888888888888895
0.3169642857142857 0.4955357142857143 0.18303571428571427 0.004464285714285715
0.004273504273504273 0.004273504273504273 0.9444444444444444 0.04700854700854701
0.09813084112149532 0.004672897196261682 0.8925233644859812 0.004672897196261682
0.004273504273504273 0.004273504273504273 0.9017094017094017 0.08974358974358974
0.26893939393939387 0.7234848484848484 0.003787878787878787 0.003787878787878787
0.0036496350364963502 0.040145985401459854 0.9160583941605839 0.040145985401459854
0.22262773722627738 0.0036496350364963507 0.4051094890510949 0.3686131386861314
0.1401098901098901 0.11263736263736263 0.7445054945054945 0.0027472527472527475
0.003937007874015747 0.6338582677165353 0.3188976377952755 0.04330708661417322
0.004098360655737704 0.6598360655737704 0.331967213114754 0.004098360655737704
0.003787878787878787 0.7613636363636362 0.231060606060606 0.003787878787878787
0.004273504273504274 0.43162393162393164 0.4743589743589744 0.08974358974358976
0.25 0.3729508196721312 0.3729508196721312 0.004098360655737705
0.0036496350364963502 0.07664233576642336 0.9160583941605839 0.0036496350364963502
0.4830508474576271 0.115819209039548 0.37005649717514116 0.031073446327683614
0.00806451612903226 0.9758064516129034 0.00806451612903226 0.00806451612903226
0.00806451612903226 0.9758064516129034 0.00806451612903226 0.00806451612903226
0.2795275590551181 0.003937007874015749 0.515748031496063 0.20078740157480315
0.20901639344262296 0.004098360655737705 0.4959016393442623 0.29098360655737704
0.12804878048780488 0.18902439024390247 0.12804878048780488 0.5548780487804879
0.03741496598639456 0.003401360544217687 0.95578231292517 0.003401360544217687
0.00806451612903226 0.9758064516129034 0.00806451612903226 0.00806451612903226
0.04166666666666667 0.5340909090909091 0.23106060606060605 0.19318181818181818
0.004901960784313726 0.004901960784313726 0.7892156862745099 0.20098039215686275
0.00806451612903226 0.00806451612903226 0.9758064516129034 0.00806451612903226
0.011904761904761908 0.011904761904761908 0.9642857142857144 0.011904761904761908
0.5551181102362204 0.437007874015748 0.003937007874015748 0.003937007874015748
0.4719626168224299 0.004672897196261683 0.05140186915887851 0.4719626168224299
0.004273504273504273 0.987179487179487 0.004273504273504273 0.004273504273504273
0.0036496350364963507 0.0036496350364963507 0.5145985401459854 0.4781021897810219
0.006097560975609757 0.6158536585365854 0.006097560975609757 0.3719512195121951
0.011904761904761908 0.011904761904761908 0.9642857142857144 0.011904761904761908
0.004464285714285715 0.22767857142857142 0.3169642857142857 0.45089285714285715
0.426056338028169 0.003521126760563381 0.2852112676056338 0.2852112676056338
0.003937007874015747 0.9094488188976376 0.0826771653543307 0.003937007874015747
0.4743589743589744 0.004273504273504274 0.5170940170940171 0.004273504273504274
0.005747126436781607 0.9827586206896549 0.005747126436781607 0.005747126436781607
0.0032894736842105257 0.5624999999999999 0.0032894736842105257 0.43092105263157887
0.3446969696969697 0.0037878787878787884 0.2689393939393939 0.38257575757575757
0.13945578231292516 0.3435374149659864 0.30952380952380953 0.20748299319727892
0.5316901408450705 0.003521126760563381 0.003521126760563381 0.4612676056338028
0.3411458333333333 0.2890625 0.18489583333333334 0.18489583333333334
0.2606837606837607 0.08974358974358976 0.1752136752136752 0.4743589743589744
0.5848214285714286 0.004464285714285715 0.40625 0.004464285714285715
0.004273504273504273 0.004273504273504273 0.9444444444444444 0.04700854700854701
0.004901960784313726 0.29901960784313725 0.004901960784313726 0.6911764705882353
0.045081967213114756 0.004098360655737705 0.2090163934426229 0.7418032786885246
0.04330708661417323 0.003937007874015748 0.9488188976377953 0.003937007874015748
0.005154639175257733 0.7783505154639175 0.211340206185567 0.005154639175257733
0.2630208333333333 0.028645833333333336 0.05468750000000001 0.6536458333333334
0.0027472527472527475 0.11263736263736263 0.22252747252747251 0.6620879120879122
0.1680327868852459 0.3319672131147541 0.004098360655737705 0.4959016393442623
0.3188976377952756 0.43700787401574803 0.24015748031496062 0.003937007874015749
0.22767857142857142 0.004464285714285715 0.004464285714285715 0.7633928571428572
0.25 0.05392156862745099 0.004901960784313726 0.6911764705882353
0.18902439024390247 0.006097560975609757 0.006097560975609757 0.7987804878048781
0.6605839416058393 0.00364963503649635 0.3321167883211678 0.00364963503649635
0.004098360655737705 0.1680327868852459 0.1680327868852459 0.6598360655737706
0.10197368421052631 0.003289473684210526 0.2006578947368421 0.694078947368421
0.4955357142857143 0.13839285714285715 0.004464285714285715 0.36160714285714285
0.19426751592356686 0.0031847133757961785 0.0031847133757961785 0.7993630573248408
0.3188976377952756 0.003937007874015749 0.003937007874015749 0.673228346456693
0.004273504273504274 0.004273504273504274 0.5170940170940171 0.4743589743589744
0.18902439024390247 0.49390243902439024 0.006097560975609757 0.31097560975609756
0.2850467289719626 0.004672897196261683 0.004672897196261683 0.705607476635514
0.004273504273504273 0.004273504273504273 0.004273504273504273 0.9871794871794871
0.004098360655737705 0.004098360655737705 0.004098360655737705 0.9877049180327868
0.26644736842105265 0.0032894736842105266 0.0032894736842105266 0.7269736842105264
0.004672897196261683 0.19158878504672897 0.004672897196261683 0.7990654205607478
0.004464285714285714 0.004464285714285714 0.004464285714285714 0.9866071428571428
0.25796178343949044 0.0031847133757961785 0.44904458598726116 0.2898089171974522
0.004901960784313725 0.10294117647058823 0.004901960784313725 0.8872549019607843
0.005747126436781609 0.005747126436781609 0.005747126436781609 0.9827586206896551
0.09375000000000001 0.004464285714285715 0.7187500000000001 0.18303571428571427
0.005154639175257732 0.005154639175257732 0.10824742268041236 0.8814432989690721
0.11742424242424243 0.4962121212121212 0.0037878787878787884 0.38257575757575757
0.7519685039370078 0.2007874015748031 0.003937007874015747 0.04330708661417322
0.11742424242424242 0.003787878787878788 0.003787878787878788 0.875
0.003937007874015748 0.003937007874015748 0.003937007874015748 0.9881889763779528
0.5247252747252746 0.19505494505494503 0.002747252747252747 0.27747252747252743
0.25 0.1443661971830986 0.17957746478873238 0.426056338028169
0.03618421052631579 0.03618421052631579 0.2664473684210526 0.6611842105263158
0.45833333333333337 0.0037878787878787884 0.04166666666666667 0.4962121212121212
0.07664233576642336 0.14963503649635035 0.0036496350364963507 0.77007299270073
0.003401360544217687 0.03741496598639456 0.003401360544217687 0.95578231292517
0.011904761904761904 0.011904761904761904 0.011904761904761904 0.9642857142857142
0.19158878504672897 0.004672897196261683 0.004672897196261683 0.7990654205607478
0.3435374149659864 0.037414965986394565 0.0034013605442176874 0.6156462585034015
0.0026041666666666665 0.05468749999999999 0.21093749999999997 0.7317708333333333
0.13945578231292516 0.0034013605442176874 0.41156462585034015 0.445578231292517
0.2383177570093458 0.004672897196261683 0.004672897196261683 0.752336448598131
0.14485981308411214 0.004672897196261682 0.004672897196261682 0.8457943925233644
0.0060975609756097554 0.0060975609756097554 0.0060975609756097554 0.9817073170731707
0.24015748031496062 0.003937007874015749 0.003937007874015749 0.751968503937008
0.004901960784313725 0.004901960784313725 0.004901960784313725 0.9852941176470588
0.005434782608695652 0.005434782608695652 0.005434782608695652 0.983695652173913
0.004464285714285715 0.27232142857142855 0.004464285714285715 0.7187500000000001
0.1752136752136752 0.004273504273504274 0.004273504273504274 0.8162393162393163
0.5170940170940171 0.004273504273504274 0.004273504273504274 0.4743589743589744
0.004273504273504274 0.2606837606837607 0.21794871794871795 0.5170940170940171
0.2898089171974522 0.48089171974522293 0.22611464968152867 0.0031847133757961785
0.16141732283464566 0.003937007874015749 0.003937007874015749 0.8307086614173229
0.2689393939393939 0.0037878787878787884 0.0037878787878787884 0.7234848484848486
0.2147887323943662 0.003521126760563381 0.003521126760563381 0.7781690140845071
0.05978260869565217 0.005434782608695652 0.005434782608695652 0.9293478260869565
0.004672897196261682 0.004672897196261682 0.09813084112149532 0.8925233644859812
0.571969696969697 0.11742424242424243 0.0037878787878787884 0.3068181818181818
0.0035211267605633804 0.0035211267605633804 0.17957746478873238 0.8133802816901409
0.14485981308411214 0.004672897196261682 0.004672897196261682 0.8457943925233644
0.09375 0.004464285714285714 0.004464285714285714 0.8973214285714286
0.11413043478260869 0.005434782608695652 0.005434782608695652 0.875
0.1440677966101695 0.0028248587570621473 0.0028248587570621473 0.8502824858757063
0.03873239436619718 0.0035211267605633804 0.3556338028169014 0.602112676056338
0.2125748502994012 0.3023952095808383 0.03293413173652695 0.45209580838323354
0.0036496350364963507 0.0036496350364963507 0.33211678832116787 0.6605839416058396
0.7077464788732394 0.00352112676056338 0.00352112676056338 0.28521126760563376
0.426056338028169 0.003521126760563381 0.003521126760563381 0.5669014084507044
0.6156462585034013 0.0034013605442176865 0.24149659863945572 0.13945578231292513
0.4743589743589744 0.004273504273504274 0.004273504273504274 0.5170940170940171
0.16935483870967744 0.08870967741935484 0.41129032258064513 0.33064516129032256
0.004464285714285714 0.004464285714285714 0.2276785714285714 0.7633928571428571
0.00574712643678161 0.5804597701149425 0.00574712643678161 0.40804597701149425
0.043307086614173235 0.2795275590551181 0.2795275590551181 0.39763779527559057
0.04166666666666667 0.2689393939393939 0.04166666666666667 0.6477272727272728
0.8162393162393161 0.004273504273504273 0.17521367521367515 0.004273504273504273
0.4719626168224299 0.004672897196261683 0.2383177570093458 0.2850467289719626
0.004464285714285714 0.004464285714285714 0.004464285714285714 0.9866071428571428
0.5296052631578947 0.0032894736842105257 0.1677631578947368 0.29934210526315785
0.3729508196721312 0.004098360655737705 0.004098360655737705 0.6188524590163935
0.2795275590551181 0.003937007874015749 0.043307086614173235 0.673228346456693
0.0036496350364963507 0.0036496350364963507 0.3686131386861314 0.624087591240876
0.0060975609756097554 0.0060975609756097554 0.0060975609756097554 0.9817073170731707
0.17574257425742573 0.0024752475247524753 0.2995049504950495 0.5222772277227723
0.5816326530612245 0.17346938775510198 0.20748299319727886 0.03741496598639455
0.006097560975609757 0.49390243902439024 0.006097560975609757 0.49390243902439024
0.3068181818181818 0.45833333333333337 0.19318181818181818 0.04166666666666667
0.42215568862275443 0.002994011976047904 0.06287425149700598 0.5119760479041916
0.004273504273504273 0.004273504273504273 0.21794871794871792 0.7735042735042735
0.17957746478873238 0.003521126760563381 0.003521126760563381 0.813380281690141
0.05140186915887851 0.2383177570093458 0.004672897196261683 0.705607476635514
0.33223684210526316 0.2993421052631579 0.0032894736842105266 0.3651315789473684
0.002066115702479339 0.08471074380165287 0.3739669421487603 0.5392561983471074
0.36227544910179643 0.0029940119760479044 0.45209580838323354 0.18263473053892215
0.06907894736842105 0.5953947368421052 0.0032894736842105257 0.3322368421052631
0.20078740157480315 0.4763779527559055 0.043307086614173235 0.2795275590551181
0.6558441558441559 0.006493506493506495 0.006493506493506495 0.33116883116883117
0.22611464968152867 0.0031847133757961785 0.22611464968152867 0.5445859872611466
0.19158878504672897 0.37850467289719625 0.004672897196261683 0.4252336448598131
0.29098360655737704 0.1680327868852459 0.3319672131147541 0.20901639344262296
0.3323353293413174 0.0029940119760479044 0.2125748502994012 0.45209580838323354
0.9907407407407406 0.0030864197530864196 0.0030864197530864196 0.0030864197530864196
0.0034013605442176874 0.445578231292517 0.0034013605442176874 0.5476190476190477
0.004672897196261683 0.3317757009345794 0.004672897196261683 0.6588785046728972
0.0036496350364963502 0.0036496350364963502 0.8795620437956204 0.11313868613138686
0.05072463768115942 0.7753623188405796 0.12318840579710143 0.05072463768115942
0.07311320754716981 0.5212264150943395 0.23820754716981127 0.1674528301886792
0.002415458937198068 0.21980676328502416 0.09903381642512077 0.678743961352657
0.0035211267605633804 0.0035211267605633804 0.9894366197183099 0.0035211267605633804
0.25706214689265533 0.5960451977401129 0.14406779661016947 0.0028248587570621464
0.3188976377952755 0.003937007874015748 0.6732283464566929 0.003937007874015748
0.004098360655737704 0.9877049180327867 0.004098360655737704 0.004098360655737704
0.20078740157480315 0.20078740157480315 0.39763779527559057 0.20078740157480315
0.004464285714285715 0.4955357142857143 0.004464285714285715 0.4955357142857143
0.004464285714285715 0.004464285714285715 0.6741071428571429 0.3169642857142857
0.3729508196721312 0.4139344262295082 0.004098360655737705 0.20901639344262296
0.5654205607476634 0.425233644859813 0.004672897196261682 0.004672897196261682
0.004464285714285715 0.5401785714285714 0.13839285714285715 0.3169642857142857
0.043307086614173235 0.16141732283464566 0.4763779527559055 0.3188976377952756
0.11742424242424243 0.5340909090909091 0.3446969696969697 0.0037878787878787884
0.13839285714285715 0.36160714285714285 0.40625 0.09375000000000001
0.1019736842105263 0.694078947368421 0.20065789473684206 0.0032894736842105257
0.0027472527472527475 0.0027472527472527475 0.6071428571428572 0.3873626373626374
0.0036496350364963507 0.551094890510949 0.18613138686131386 0.2591240875912409
0.16141732283464563 0.8307086614173227 0.003937007874015747 0.003937007874015747
0.025943396226415092 0.4740566037735849 0.4033018867924528 0.09669811320754715
0.13945578231292516 0.0034013605442176874 0.6496598639455783 0.20748299319727892
0.005434782608695651 0.9836956521739129 0.005434782608695651 0.005434782608695651
0.0030864197530864196 0.6512345679012345 0.1265432098765432 0.21913580246913575
0.037414965986394565 0.2755102040816327 0.3435374149659864 0.3435374149659864
0.32165605095541394 0.5445859872611465 0.003184713375796178 0.13057324840764328
0.404320987654321 0.09567901234567902 0.3117283950617284 0.1882716049382716
0.00352112676056338 0.8485915492957745 0.00352112676056338 0.14436619718309854
0.004098360655737705 0.12704918032786885 0.7008196721311476 0.1680327868852459
0.00364963503649635 0.7700729927007298 0.14963503649635032 0.07664233576642335
0.18303571428571422 0.8080357142857142 0.004464285714285713 0.004464285714285713
0.22262773722627732 0.7700729927007298 0.00364963503649635 0.00364963503649635
0.25 0.1882716049382716 0.558641975308642 0.00308641975308642
0.003521126760563381 0.03873239436619719 0.4964788732394366 0.4612676056338028
0.0037878787878787884 0.45833333333333337 0.5340909090909091 0.0037878787878787884
0.004464285714285715 0.6741071428571429 0.004464285714285715 0.3169642857142857
0.006097560975609757 0.676829268292683 0.006097560975609757 0.31097560975609756
0.07142857142857144 0.0034013605442176874 0.7176870748299321 0.20748299319727892
0.21794871794871795 0.34615384615384615 0.047008547008547015 0.3888888888888889
0.17732558139534885 0.26453488372093026 0.40988372093023256 0.14825581395348836
0.0032894736842105266 0.430921052631579 0.0032894736842105266 0.5625000000000001
0.004464285714285715 0.40625 0.5848214285714286 0.004464285714285715
0.04508196721311476 0.3729508196721312 0.5778688524590164 0.004098360655737705
0.2645348837209302 0.7005813953488371 0.031976744186046506 0.002906976744186046
0.42045454545454547 0.0037878787878787884 0.571969696969697 0.0037878787878787884
0.003937007874015749 0.594488188976378 0.3582677165354331 0.043307086614173235
0.006097560975609757 0.3719512195121951 0.006097560975609757 0.6158536585365854
0.004098360655737704 0.9877049180327867 0.004098360655737704 0.004098360655737704
0.006097560975609757 0.7378048780487805 0.006097560975609757 0.25
0.07142857142857142 0.5476190476190476 0.07142857142857142 0.3095238095238095
0.003289473684210526 0.10197368421052631 0.8914473684210527 0.003289473684210526
0.004098360655737705 0.045081967213114756 0.9057377049180327 0.045081967213114756
0.0030864197530864196 0.4969135802469135 0.2808641975308641 0.21913580246913575
0.36861313868613127 0.6240875912408759 0.00364963503649635 0.00364963503649635
0.004672897196261683 0.6121495327102804 0.05140186915887851 0.3317757009345794
0.04166666666666667 0.23106060606060605 0.0037878787878787884 0.7234848484848486
0.2956204379562044 0.4781021897810219 0.0036496350364963507 0.22262773722627738
0.0036496350364963507 0.551094890510949 0.0036496350364963507 0.4416058394160584
0.003937007874015749 0.5551181102362205 0.08267716535433071 0.3582677165354331
0.004901960784313726 0.5931372549019608 0.004901960784313726 0.3970588235294118
0.00352112676056338 0.602112676056338 0.00352112676056338 0.39084507042253513
0.002906976744186047 0.26453488372093026 0.5843023255813954 0.14825581395348836
0.031976744186046506 0.7005813953488371 0.20639534883720925 0.06104651162790697
0.13945578231292516 0.30952380952380953 0.0034013605442176874 0.5476190476190477
0.003521126760563381 0.426056338028169 0.003521126760563381 0.5669014084507044
0.03873239436619719 0.1443661971830986 0.2852112676056338 0.5316901408450705
0.0037878787878787884 0.0037878787878787884 0.45833333333333337 0.5340909090909091
0.0032894736842105266 0.2993421052631579 0.23355263157894737 0.46381578947368424
0.04014598540145986 0.33211678832116787 0.14963503649635035 0.4781021897810219
0.0036496350364963507 0.0036496350364963507 0.4416058394160584 0.551094890510949
0.0032894736842105257 0.694078947368421 0.0032894736842105257 0.29934210526315785
0.0028248587570621473 0.3983050847457627 0.5112994350282486 0.08757062146892657
0.10323886639676111 0.5283400809716599 0.2854251012145749 0.08299595141700403
0.09872611464968153 0.03503184713375797 0.5445859872611466 0.321656050955414
0.002906976744186047 0.23546511627906977 0.7587209302325583 0.002906976744186047
0.003289473684210526 0.10197368421052631 0.8914473684210527 0.003289473684210526
0.09281437125748501 0.002994011976047904 0.87125748502994 0.03293413173652694
0.0035211267605633804 0.0035211267605633804 0.9894366197183099 0.0035211267605633804
0.0031847133757961785 0.0031847133757961785 0.9904458598726115 0.0031847133757961785
0.00308641975308642 0.1574074074074074 0.8364197530864198 0.00308641975308642
0.003401360544217687 0.37755102040816324 0.6156462585034014 0.003401360544217687
0.003787878787878787 0.8749999999999999 0.1174242424242424 0.003787878787878787
0.0028248587570621473 0.2288135593220339 0.7090395480225989 0.059322033898305086
0.1553030303030303 0.0037878787878787884 0.4962121212121212 0.3446969696969697
0.0025380710659898475 0.027918781725888322 0.43401015228426393 0.5355329949238579
0.003787878787878788 0.15530303030303028 0.8371212121212122 0.003787878787878788
0.46381578947368424 0.0032894736842105266 0.33223684210526316 0.2006578947368421
0.3582677165354331 0.16141732283464566 0.43700787401574803 0.043307086614173235
0.06907894736842105 0.8585526315789472 0.0032894736842105257 0.06907894736842105
0.004464285714285715 0.004464285714285715 0.5848214285714286 0.40625
0.17957746478873238 0.4964788732394366 0.3204225352112676 0.003521126760563381
0.6025641025641025 0.3461538461538461 0.04700854700854701 0.004273504273504273
0.45209580838323354 0.18263473053892215 0.12275449101796407 0.24251497005988024
0.7719780219780219 0.002747252747252747 0.002747252747252747 0.2225274725274725
0.45833333333333337 0.0037878787878787884 0.5340909090909091 0.0037878787878787884
0.763392857142857 0.22767857142857134 0.004464285714285713 0.004464285714285713
0.4962121212121212 0.0037878787878787884 0.45833333333333337 0.04166666666666667
0.3188976377952756 0.003937007874015749 0.003937007874015749 0.673228346456693
0.5816326530612245 0.24149659863945572 0.17346938775510198 0.0034013605442176865
0.7008196721311475 0.290983606557377 0.004098360655737704 0.004098360655737704
0.290983606557377 0.004098360655737705 0.7008196721311475 0.004098360655737705
0.29901960784313725 0.20098039215686275 0.004901960784313726 0.4950980392156863
0.45089285714285715 0.004464285714285715 0.22767857142857142 0.3169642857142857
0.9852941176470587 0.0049019607843137246 0.0049019607843137246 0.0049019607843137246
0.36160714285714285 0.27232142857142855 0.004464285714285715 0.36160714285714285
0.19158878504672897 0.2850467289719626 0.14485981308411217 0.37850467289719625
0.4268867924528302 0.0023584905660377358 0.04952830188679245 0.5212264150943395
0.23106060606060605 0.19318181818181818 0.0037878787878787884 0.571969696969697
0.3446969696969697 0.0037878787878787884 0.3068181818181818 0.3446969696969697
0.45661157024793386 0.08471074380165287 0.12603305785123964 0.33264462809917356
0.7892156862745097 0.0049019607843137246 0.0049019607843137246 0.20098039215686267
0.3686131386861314 0.18613138686131386 0.11313868613138688 0.33211678832116787
0.571969696969697 0.0037878787878787884 0.1553030303030303 0.2689393939393939
0.7992424242424241 0.003787878787878787 0.19318181818181812 0.003787878787878787
0.9758064516129034 0.00806451612903226 0.00806451612903226 0.00806451612903226
0.3770053475935829 0.3235294117647059 0.2967914438502674 0.0026737967914438505
0.7378048780487805 0.006097560975609757 0.006097560975609757 0.25
0.6880341880341879 0.30341880341880334 0.004273504273504273 0.004273504273504273
0.003937007874015747 0.6338582677165353 0.003937007874015747 0.358267716535433
0.9525547445255473 0.00364963503649635 0.00364963503649635 0.04014598540145985
0.49193548387096775 0.00806451612903226 0.25000000000000006 0.25000000000000006
0.48809523809523814 0.48809523809523814 0.011904761904761908 0.011904761904761908
0.9852941176470587 0.0049019607843137246 0.0049019607843137246 0.0049019607843137246
0.7783505154639174 0.21134020618556698 0.005154639175257732 0.005154639175257732
0.763392857142857 0.22767857142857134 0.004464285714285713 0.004464285714285713
0.49390243902439024 0.25 0.006097560975609757 0.25
0.7378048780487805 0.006097560975609757 0.006097560975609757 0.25
0.3317757009345794 0.05140186915887851 0.6121495327102804 0.004672897196261683
0.7892156862745097 0.0049019607843137246 0.0049019607843137246 0.20098039215686267
0.3435374149659864 0.30952380952380953 0.3435374149659864 0.0034013605442176874
0.5277777777777777 0.0030864197530864196 0.2808641975308641 0.18827160493827155
0.9542253521126759 0.00352112676056338 0.03873239436619718 0.00352112676056338
0.2606837606837607 0.2606837606837607 0.004273504273504274 0.4743589743589744
0.3319672131147541 0.3319672131147541 0.20901639344262296 0.12704918032786885
0.47196261682242985 0.5186915887850466 0.004672897196261682 0.004672897196261682
0.30341880341880334 0.6880341880341879 0.004273504273504273 0.004273504273504273
0.22262773722627735 0.0036496350364963502 0.7700729927007299 0.0036496350364963502
0.25 0.004098360655737705 0.004098360655737705 0.7418032786885247
0.38257575757575757 0.2689393939393939 0.0037878787878787884 0.3446969696969697
0.00352112676056338 0.9542253521126759 0.00352112676056338 0.03873239436619718
0.3853503184713376 0.19426751592356686 0.0031847133757961785 0.4171974522292994
0.9852941176470587 0.0049019607843137246 0.0049019607843137246 0.0049019607843137246
0.6598360655737704 0.004098360655737704 0.004098360655737704 0.331967213114754
0.5445859872611465 0.003184713375796178 0.19426751592356684 0.2579617834394904
0.9252873563218389 0.005747126436781607 0.06321839080459768 0.005747126436781607
0.4612676056338028 0.003521126760563381 0.3204225352112676 0.2147887323943662
0.653225806451613 0.00806451612903226 0.33064516129032256 0.00806451612903226
0.3034188034188034 0.004273504273504274 0.21794871794871795 0.4743589743589744
0.3317757009345794 0.004672897196261683 0.004672897196261683 0.6588785046728972
0.7987804878048781 0.006097560975609757 0.006097560975609757 0.18902439024390247
0.7700729927007298 0.11313868613138683 0.11313868613138683 0.00364963503649635
0.8237704918032785 0.16803278688524584 0.004098360655737704 0.004098360655737704
0.4781021897810219 0.22262773722627738 0.0036496350364963507 0.2956204379562044
0.825657894736842 0.0032894736842105257 0.1677631578947368 0.0032894736842105257
0.37850467289719625 0.004672897196261683 0.05140186915887851 0.5654205607476636
0.9817073170731705 0.006097560975609755 0.006097560975609755 0.006097560975609755
0.6032608695652173 0.3315217391304347 0.005434782608695652 0.05978260869565217
0.8951612903225807 0.00806451612903226 0.00806451612903226 0.08870967741935486
0.9852941176470587 0.0049019607843137246 0.0049019607843137246 0.0049019607843137246
0.9293478260869563 0.005434782608695651 0.005434782608695651 0.05978260869565216
0.9890510948905108 0.00364963503649635 0.00364963503649635 0.00364963503649635
0.003521126760563381 0.35563380281690143 0.17957746478873238 0.4612676056338028
0.26644736842105254 0.694078947368421 0.0032894736842105257 0.036184210526315784
0.6032608695652174 0.005434782608695653 0.005434782608695653 0.3858695652173913
0.8647540983606556 0.12704918032786883 0.004098360655737704 0.004098360655737704
0.6605839416058393 0.04014598540145985 0.2956204379562043 0.00364963503649635
0.2850467289719626 0.7056074766355139 0.004672897196261682 0.004672897196261682
0.16141732283464566 0.043307086614173235 0.2795275590551181 0.515748031496063
0.7077464788732394 0.07394366197183097 0.00352112676056338 0.21478873239436613
0.6752577319587628 0.3144329896907216 0.005154639175257732 0.005154639175257732
0.6282894736842105 0.0032894736842105257 0.13486842105263155 0.23355263157894732
0.9845360824742266 0.005154639175257731 0.005154639175257731 0.005154639175257731
0.3446969696969697 0.0037878787878787884 0.19318181818181818 0.45833333333333337
0.4051094890510949 0.18613138686131386 0.33211678832116787 0.07664233576642336
0.33064516129032256 0.00806451612903226 0.00806451612903226 0.653225806451613
0.8749999999999999 0.003787878787878787 0.003787878787878787 0.1174242424242424
0.3729508196721312 0.3729508196721312 0.004098360655737705 0.25
0.004273504273504273 0.987179487179487 0.004273504273504273 0.004273504273504273
0.45089285714285715 0.3169642857142857 0.04910714285714286 0.18303571428571427
0.9877049180327867 0.004098360655737704 0.004098360655737704 0.004098360655737704
0.957236842105263 0.0032894736842105257 0.0032894736842105257 0.036184210526315784
0.3970588235294118 0.25 0.3480392156862745 0.004901960784313726
0.6421568627450981 0.004901960784313726 0.3480392156862745 0.004901960784313726
0.18303571428571427 0.004464285714285715 0.13839285714285715 0.6741071428571429
0.8065693430656933 0.00364963503649635 0.04014598540145985 0.14963503649635032
0.7992424242424241 0.041666666666666664 0.003787878787878787 0.15530303030303025
0.24999999999999997 0.5368852459016393 0.0860655737704918 0.12704918032786885
0.8197278911564625 0.0034013605442176865 0.0034013605442176865 0.17346938775510198
0.9680851063829788 0.010638297872340427 0.010638297872340427 0.010638297872340427
0.8080357142857142 0.004464285714285713 0.18303571428571422 0.004464285714285713
0.13839285714285712 0.004464285714285714 0.004464285714285714 0.8526785714285714
0.9817073170731705 0.006097560975609755 0.006097560975609755 0.006097560975609755
0.27232142857142855 0.004464285714285715 0.18303571428571427 0.5401785714285714
0.9866071428571427 0.004464285714285713 0.004464285714285713 0.004464285714285713
0.6203703703703703 0.37345679012345673 0.0030864197530864196 0.0030864197530864196
0.07394366197183097 0.7077464788732394 0.00352112676056338 0.21478873239436613
0.45209580838323354 0.0029940119760479044 0.1526946107784431 0.39221556886227543
