0.20056497175141244 0.17231638418079095 0.1440677966101695 0.48305084745762716
0.028645833333333332 0.7578124999999999 0.21093749999999997 0.0026041666666666665
0.002906976744186047 0.2063953488372093 0.7587209302325583 0.03197674418604651
0.438953488372093 0.002906976744186047 0.3226744186046512 0.23546511627906977
0.0024752475247524753 0.25 0.2004950495049505 0.5470297029702971
0.002747252747252747 0.4697802197802197 0.002747252747252747 0.5247252747252746
0.011904761904761904 0.011904761904761904 0.36904761904761907 0.6071428571428571
0.2570621468926554 0.0028248587570621473 0.2288135593220339 0.5112994350282486
0.4080459770114942 0.4080459770114942 0.17816091954022986 0.005747126436781609
0.0037878787878787884 0.19318181818181818 0.4962121212121212 0.3068181818181818
0.004901960784313725 0.004901960784313725 0.9362745098039216 0.053921568627450976
0.6294642857142857 0.004464285714285715 0.004464285714285715 0.36160714285714285
0.004672897196261683 0.37850467289719625 0.19158878504672897 0.4252336448598131
0.004672897196261682 0.004672897196261682 0.9859813084112149 0.004672897196261682
0.004098360655737705 0.004098360655737705 0.9877049180327868 0.004098360655737705
0.004098360655737705 0.3729508196721312 0.004098360655737705 0.6188524590163935
0.003937007874015749 0.4763779527559055 0.24015748031496062 0.2795275590551181
0.003937007874015749 0.2795275590551181 0.24015748031496062 0.4763779527559055
0.003937007874015748 0.003937007874015748 0.9881889763779528 0.003937007874015748
0.010638297872340427 0.010638297872340427 0.9680851063829788 0.010638297872340427
0.00352112676056338 0.7077464788732394 0.00352112676056338 0.28521126760563376
0.003937007874015749 0.20078740157480315 0.515748031496063 0.2795275590551181
0.17521367521367517 0.004273504273504273 0.8162393162393162 0.004273504273504273
0.004901960784313725 0.004901960784313725 0.9852941176470588 0.004901960784313725
0.004273504273504274 0.004273504273504274 0.7735042735042736 0.21794871794871795
0.008064516129032258 0.008064516129032258 0.25 0.7338709677419354
0.004672897196261682 0.23831775700934577 0.7523364485981309 0.004672897196261682
0.005154639175257733 0.005154639175257733 0.5721649484536083 0.4175257731958763
0.003521126760563381 0.39084507042253525 0.1443661971830986 0.4612676056338028
0.011904761904761908 0.011904761904761908 0.9642857142857144 0.011904761904761908
0.13945578231292516 0.20748299319727892 0.20748299319727892 0.445578231292517
0.6294642857142856 0.3616071428571428 0.004464285714285714 0.004464285714285714
0.041666666666666664 0.003787878787878788 0.003787878787878788 0.9507575757575757
0.006097560975609757 0.006097560975609757 0.18902439024390247 0.7987804878048781
0.0026041666666666665 0.5755208333333333 0.4192708333333333 0.0026041666666666665
0.004273504273504273 0.004273504273504273 0.21794871794871792 0.7735042735042735
0.004672897196261683 0.19158878504672897 0.14485981308411217 0.6588785046728972
0.515748031496063 0.3188976377952756 0.003937007874015749 0.16141732283464566
0.007462686567164181 0.007462686567164181 0.6791044776119404 0.30597014925373134
0.002906976744186046 0.816860465116279 0.002906976744186046 0.1773255813953488
0.12318840579710143 0.5821256038647342 0.19565217391304343 0.09903381642512075
0.40625 0.004464285714285715 0.5848214285714286 0.004464285714285715
0.3480392156862745 0.004901960784313726 0.6421568627450981 0.004901960784313726
0.3858695652173913 0.005434782608695653 0.6032608695652174 0.005434782608695653
0.4950980392156863 0.004901960784313726 0.4950980392156863 0.004901960784313726
0.003787878787878788 0.23106060606060602 0.6477272727272727 0.11742424242424242
0.0036496350364963502 0.0036496350364963502 0.9890510948905109 0.0036496350364963502
0.11313868613138683 0.6605839416058393 0.22262773722627732 0.00364963503649635
0.1401098901098901 0.19505494505494506 0.0027472527472527475 0.6620879120879122
0.003937007874015748 0.003937007874015748 0.9881889763779528 0.003937007874015748
0.004098360655737705 0.004098360655737705 0.004098360655737705 0.9877049180327868
0.0037878787878787884 0.0037878787878787884 0.5340909090909091 0.45833333333333337
0.19318181818181818 0.5340909090909091 0.0037878787878787884 0.2689393939393939
0.14963503649635035 0.14963503649635035 0.551094890510949 0.14963503649635035
0.0036496350364963507 0.07664233576642336 0.6605839416058396 0.2591240875912409
0.3135593220338983 0.1440677966101695 0.5395480225988701 0.0028248587570621473
0.00806451612903226 0.00806451612903226 0.9758064516129034 0.00806451612903226
0.00806451612903226 0.00806451612903226 0.9758064516129034 0.00806451612903226
0.5401785714285714 0.3616071428571428 0.09375 0.004464285714285714
0.004098360655737704 0.9057377049180326 0.08606557377049179 0.004098360655737704
0.7378048780487805 0.006097560975609757 0.25 0.006097560975609757
0.003401360544217687 0.003401360544217687 0.9897959183673469 0.003401360544217687
0.00806451612903226 0.00806451612903226 0.9758064516129034 0.00806451612903226
0.0037878787878787884 0.1553030303030303 0.3446969696969697 0.4962121212121212
0.004901960784313726 0.20098039215686275 0.3970588235294118 0.3970588235294118
0.00806451612903226 0.00806451612903226 0.5725806451612904 0.4112903225806452
0.011904761904761908 0.011904761904761908 0.48809523809523814 0.48809523809523814
0.003937007874015749 0.5551181102362205 0.3188976377952756 0.1220472440944882
0.004672897196261681 0.9859813084112148 0.004672897196261681 0.004672897196261681
0.1752136752136752 0.1752136752136752 0.004273504273504274 0.6452991452991453
0.0036496350364963507 0.551094890510949 0.14963503649635035 0.2956204379562044
0.006097560975609757 0.006097560975609757 0.5548780487804879 0.4329268292682927
0.011904761904761908 0.011904761904761908 0.48809523809523814 0.48809523809523814
0.004464285714285715 0.5848214285714286 0.004464285714285715 0.40625
0.8307086614173227 0.003937007874015747 0.16141732283464563 0.003937007874015747
0.003937007874015748 0.003937007874015748 0.9488188976377953 0.04330708661417323
0.30952380952380953 0.0034013605442176874 0.0034013605442176874 0.6836734693877552
0.005747126436781609 0.005747126436781609 0.9827586206896551 0.005747126436781609
0.0032894736842105266 0.26644736842105265 0.10197368421052633 0.6282894736842106
0.43162393162393164 0.3034188034188034 0.004273504273504274 0.2606837606837607
0.03741496598639455 0.5476190476190476 0.24149659863945572 0.17346938775510198
0.49647887323943657 0.49647887323943657 0.0035211267605633804 0.0035211267605633804
0.18489583333333334 0.15885416666666666 0.15885416666666666 0.49739583333333337
0.004273504273504273 0.8589743589743588 0.047008547008547 0.08974358974358973
0.36160714285714285 0.004464285714285715 0.27232142857142855 0.36160714285714285
0.04700854700854701 0.004273504273504273 0.004273504273504273 0.9444444444444444
0.004273504273504273 0.7307692307692306 0.2606837606837606 0.004273504273504273
0.004098360655737704 0.9877049180327867 0.004098360655737704 0.004098360655737704
0.003937007874015749 0.003937007874015749 0.3582677165354331 0.6338582677165355
0.004464285714285714 0.049107142857142856 0.004464285714285714 0.9419642857142857
0.13281249999999997 0.7838541666666666 0.0026041666666666665 0.08072916666666666
0.002747252747252747 0.6895604395604394 0.002747252747252747 0.30494505494505486
0.6121495327102804 0.004672897196261683 0.004672897196261683 0.37850467289719625
0.36160714285714285 0.004464285714285715 0.004464285714285715 0.6294642857142857
0.6768292682926829 0.3109756097560975 0.0060975609756097554 0.0060975609756097554
0.44607843137254904 0.05392156862745099 0.004901960784313726 0.4950980392156863
0.007462686567164181 0.7537313432835822 0.23134328358208958 0.007462686567164181
0.7335766423357664 0.2591240875912408 0.00364963503649635 0.00364963503649635
0.004098360655737705 0.4139344262295082 0.004098360655737705 0.5778688524590164
0.0032894736842105257 0.7598684210526315 0.23355263157894732 0.0032894736842105257
0.18303571428571422 0.8080357142857142 0.004464285714285713 0.004464285714285713
0.2261146496815286 0.7675159235668789 0.003184713375796178 0.003184713375796178
0.003937007874015747 0.7125984251968502 0.27952755905511806 0.003937007874015747
0.43162393162393164 0.004273504273504274 0.1752136752136752 0.3888888888888889
0.006097560975609757 0.49390243902439024 0.18902439024390247 0.31097560975609756
0.2771739130434782 0.7119565217391304 0.005434782608695652 0.005434782608695652
0.0049019607843137246 0.8872549019607842 0.10294117647058822 0.0049019607843137246
0.04508196721311475 0.9467213114754097 0.004098360655737704 0.004098360655737704
0.0032894736842105257 0.8914473684210525 0.1019736842105263 0.0032894736842105257
0.3858695652173913 0.3858695652173913 0.22282608695652173 0.005434782608695653
0.3616071428571428 0.6294642857142856 0.004464285714285714 0.004464285714285714
0.2147887323943662 0.39084507042253525 0.003521126760563381 0.39084507042253525
0.20098039215686275 0.3480392156862745 0.004901960784313726 0.44607843137254904
0.004901960784313726 0.6911764705882353 0.004901960784313726 0.29901960784313725
0.5551181102362205 0.003937007874015749 0.003937007874015749 0.43700787401574803
0.18303571428571427 0.45089285714285715 0.13839285714285715 0.22767857142857142
0.0037878787878787884 0.3446969696969697 0.571969696969697 0.07954545454545456
0.003521126760563381 0.39084507042253525 0.1091549295774648 0.4964788732394366
0.1174242424242424 0.8749999999999999 0.003787878787878787 0.003787878787878787
0.00352112676056338 0.9894366197183098 0.00352112676056338 0.00352112676056338
0.5247252747252746 0.27747252747252743 0.08516483516483515 0.11263736263736261
0.7913385826771653 0.003937007874015747 0.003937007874015747 0.2007874015748031
0.46381578947368424 0.23355263157894737 0.0032894736842105266 0.2993421052631579
0.9507575757575756 0.041666666666666664 0.003787878787878787 0.003787878787878787
0.1861313868613138 0.6605839416058393 0.14963503649635032 0.00364963503649635
0.0034013605442176865 0.9217687074829931 0.0034013605442176865 0.07142857142857142
0.011904761904761908 0.9642857142857144 0.011904761904761908 0.011904761904761908
0.005434782608695653 0.7119565217391305 0.27717391304347827 0.005434782608695653
0.15740740740740736 0.8055555555555555 0.0030864197530864196 0.033950617283950615
0.0026041666666666665 0.8098958333333333 0.0026041666666666665 0.1848958333333333
0.06481481481481481 0.5895061728395061 0.033950617283950615 0.31172839506172834
0.6558441558441559 0.2662337662337662 0.07142857142857144 0.006493506493506495
0.2771739130434782 0.7119565217391304 0.005434782608695652 0.005434782608695652
0.006097560975609757 0.7987804878048781 0.06707317073170734 0.12804878048780488
0.003937007874015747 0.9881889763779526 0.003937007874015747 0.003937007874015747
0.4950980392156862 0.4950980392156862 0.004901960784313725 0.004901960784313725
0.3785046728971962 0.6121495327102803 0.004672897196261682 0.004672897196261682
0.004464285714285715 0.6294642857142857 0.36160714285714285 0.004464285714285715
0.26068376068376065 0.6025641025641025 0.13247863247863248 0.004273504273504273
0.1174242424242424 0.8749999999999999 0.003787878787878787 0.003787878787878787
0.4743589743589744 0.004273504273504274 0.1752136752136752 0.34615384615384615
0.003184713375796178 0.5127388535031847 0.32165605095541394 0.16242038216560506
0.437007874015748 0.47637795275590544 0.003937007874015748 0.0826771653543307
0.15530303030303025 0.837121212121212 0.003787878787878787 0.003787878787878787
0.46126760563380276 0.5316901408450704 0.0035211267605633804 0.0035211267605633804
0.004098360655737704 0.9467213114754097 0.04508196721311475 0.004098360655737704
0.766304347826087 0.005434782608695653 0.22282608695652173 0.005434782608695653
0.7307692307692306 0.21794871794871787 0.047008547008547 0.004273504273504273
0.17957746478873235 0.6373239436619718 0.14436619718309854 0.03873239436619718
0.004098360655737704 0.9877049180327867 0.004098360655737704 0.004098360655737704
0.004464285714285713 0.9866071428571427 0.004464285714285713 0.004464285714285713
0.005434782608695651 0.9836956521739129 0.005434782608695651 0.005434782608695651
0.404320987654321 0.4351851851851852 0.00308641975308642 0.1574074074074074
0.39084507042253513 0.602112676056338 0.00352112676056338 0.00352112676056338
0.3980263157894736 0.5624999999999999 0.036184210526315784 0.0032894736842105257
0.6605839416058393 0.00364963503649635 0.22262773722627732 0.11313868613138683
0.003937007874015747 0.7913385826771653 0.0826771653543307 0.12204724409448817
0.39084507042253513 0.602112676056338 0.00352112676056338 0.00352112676056338
0.5476190476190476 0.4455782312925169 0.0034013605442176865 0.0034013605442176865
0.43162393162393164 0.21794871794871795 0.004273504273504274 0.34615384615384615
0.00806451612903226 0.33064516129032256 0.653225806451613 0.00806451612903226
0.004464285714285713 0.763392857142857 0.22767857142857134 0.004464285714285713
0.00574712643678161 0.3505747126436782 0.6379310344827587 0.00574712643678161
0.003937007874015748 0.2401574803149606 0.7519685039370079 0.003937007874015748
0.0037878787878787884 0.4962121212121212 0.19318181818181818 0.3068181818181818
0.7307692307692306 0.004273504273504273 0.004273504273504273 0.2606837606837606
0.004672897196261681 0.7990654205607475 0.004672897196261681 0.1915887850467289
0.31696428571428564 0.5848214285714285 0.09375 0.004464285714285714
0.0032894736842105257 0.7927631578947367 0.0032894736842105257 0.20065789473684206
0.6598360655737704 0.331967213114754 0.004098360655737704 0.004098360655737704
0.2007874015748031 0.7913385826771653 0.003937007874015747 0.003937007874015747
0.14963503649635035 0.5145985401459854 0.0036496350364963507 0.33211678832116787
0.211340206185567 0.365979381443299 0.4175257731958763 0.005154639175257733
0.29679144385026734 0.6978609625668448 0.00267379679144385 0.00267379679144385
0.445578231292517 0.3435374149659864 0.07142857142857144 0.13945578231292516
0.006097560975609755 0.9817073170731705 0.006097560975609755 0.006097560975609755
0.4743589743589744 0.004273504273504274 0.004273504273504274 0.5170940170940171
0.5953947368421052 0.36513157894736836 0.0032894736842105257 0.036184210526315784
0.3970588235294118 0.004901960784313726 0.5931372549019608 0.004901960784313726
0.17957746478873235 0.8133802816901408 0.00352112676056338 0.00352112676056338
0.004672897196261681 0.7990654205607475 0.1915887850467289 0.004672897196261681
0.03618421052631579 0.36513157894736836 0.5953947368421053 0.003289473684210526
0.04085603112840467 0.566147859922179 0.0603112840466926 0.3326848249027237
0.12275449101796407 0.09281437125748504 0.48203592814371266 0.3023952095808383
0.1019736842105263 0.5953947368421052 0.0032894736842105257 0.29934210526315785
0.003937007874015749 0.39763779527559057 0.515748031496063 0.08267716535433071
0.13636363636363638 0.8506493506493507 0.006493506493506495 0.006493506493506495
0.003184713375796178 0.7356687898089171 0.003184713375796178 0.2579617834394904
0.005434782608695653 0.16847826086956524 0.4945652173913044 0.3315217391304348
0.4139344262295082 0.25 0.08606557377049182 0.25
0.062874251497006 0.36227544910179643 0.0029940119760479044 0.5718562874251498
0.5277777777777777 0.4660493827160493 0.0030864197530864196 0.0030864197530864196
0.03741496598639455 0.6156462585034013 0.3095238095238095 0.03741496598639455
0.004672897196261683 0.4719626168224299 0.37850467289719625 0.14485981308411217
0.6240875912408759 0.11313868613138683 0.00364963503649635 0.2591240875912408
0.002415458937198068 0.1473429951690821 0.3647342995169082 0.48550724637681164
0.12944162436548223 0.05329949238578681 0.07868020304568528 0.7385786802030457
0.0024154589371980675 0.6062801932367149 0.12318840579710143 0.2681159420289855
0.0035211267605633804 0.0035211267605633804 0.0035211267605633804 0.9894366197183099
0.00308641975308642 0.3734567901234568 0.00308641975308642 0.6203703703703705
0.24015748031496062 0.003937007874015749 0.16141732283464566 0.594488188976378
0.004098360655737705 0.004098360655737705 0.290983606557377 0.7008196721311475
0.39084507042253525 0.35563380281690143 0.073943661971831 0.17957746478873238
0.005154639175257733 0.005154639175257733 0.4690721649484536 0.520618556701031
0.004464285714285715 0.22767857142857142 0.09375000000000001 0.6741071428571429
0.00364963503649635 0.5875912408759123 0.2956204379562043 0.11313868613138683
0.4719626168224299 0.19158878504672897 0.004672897196261683 0.3317757009345794
0.004464285714285715 0.36160714285714285 0.004464285714285715 0.6294642857142857
0.1091549295774648 0.03873239436619719 0.39084507042253525 0.4612676056338028
0.1054421768707483 0.1054421768707483 0.41156462585034015 0.3775510204081633
0.004464285714285715 0.4955357142857143 0.004464285714285715 0.4955357142857143
0.33223684210526316 0.0032894736842105266 0.0032894736842105266 0.6611842105263158
0.2125748502994012 0.12275449101796407 0.0029940119760479044 0.6616766467065869
0.0032894736842105266 0.13486842105263158 0.0032894736842105266 0.8585526315789475
0.16141732283464566 0.003937007874015749 0.20078740157480315 0.6338582677165355
0.002358490566037736 0.09669811320754716 0.002358490566037736 0.8985849056603774
0.11742424242424243 0.2689393939393939 0.0037878787878787884 0.609848484848485
0.004672897196261682 0.004672897196261682 0.004672897196261682 0.9859813084112149
0.0028248587570621464 0.5112994350282486 0.0028248587570621464 0.4830508474576271
0.0037878787878787884 0.3068181818181818 0.19318181818181818 0.4962121212121212
0.0031847133757961785 0.3853503184713376 0.321656050955414 0.2898089171974522
0.3734567901234568 0.25 0.00308641975308642 0.3734567901234568
0.0035211267605633804 0.10915492957746478 0.21478873239436616 0.6725352112676056
0.004098360655737705 0.3319672131147541 0.29098360655737704 0.3729508196721312
0.003289473684210526 0.10197368421052631 0.003289473684210526 0.8914473684210527
0.049107142857142856 0.004464285714285714 0.004464285714285714 0.9419642857142857
0.18613138686131386 0.0036496350364963507 0.0036496350364963507 0.8065693430656935
0.1882716049382716 0.00308641975308642 0.00308641975308642 0.8055555555555556
0.003521126760563381 0.25 0.03873239436619719 0.7077464788732395
0.07954545454545454 0.003787878787878788 0.30681818181818177 0.6098484848484849
0.211340206185567 0.005154639175257733 0.4175257731958763 0.365979381443299
0.006097560975609757 0.25 0.25 0.49390243902439024
0.07142857142857142 0.003401360544217687 0.003401360544217687 0.9217687074829932
0.1752136752136752 0.4743589743589744 0.047008547008547015 0.3034188034188034
0.0026737967914438505 0.0026737967914438505 0.08288770053475937 0.911764705882353
0.0032894736842105257 0.6611842105263157 0.0032894736842105257 0.3322368421052631
0.16141732283464566 0.003937007874015749 0.003937007874015749 0.8307086614173229
0.14963503649635035 0.0036496350364963507 0.0036496350364963507 0.8430656934306571
0.002906976744186047 0.06104651162790698 0.6715116279069768 0.26453488372093026
0.1553030303030303 0.19318181818181818 0.3446969696969697 0.3068181818181818
0.003937007874015748 0.04330708661417323 0.20078740157480313 0.7519685039370079
0.49390243902439024 0.006097560975609757 0.006097560975609757 0.49390243902439024
0.0036496350364963502 0.0036496350364963502 0.18613138686131384 0.8065693430656934
0.006097560975609757 0.006097560975609757 0.6158536585365854 0.3719512195121951
0.037414965986394565 0.0034013605442176874 0.5476190476190477 0.41156462585034015
0.003289473684210526 0.003289473684210526 0.06907894736842105 0.9243421052631579
0.004098360655737705 0.004098360655737705 0.004098360655737705 0.9877049180327868
0.00308641975308642 0.2808641975308642 0.00308641975308642 0.712962962962963
0.03618421052631579 0.06907894736842105 0.2664473684210526 0.6282894736842105
0.09813084112149532 0.09813084112149532 0.004672897196261682 0.7990654205607477
0.3068181818181817 0.6098484848484848 0.003787878787878787 0.07954545454545453
0.33211678832116787 0.0036496350364963507 0.4416058394160584 0.22262773722627738
0.0036496350364963507 0.4416058394160584 0.0036496350364963507 0.551094890510949
0.35563380281690143 0.003521126760563381 0.1091549295774648 0.5316901408450705
0.3505747126436782 0.00574712643678161 0.00574712643678161 0.6379310344827587
0.003521126760563381 0.3204225352112676 0.426056338028169 0.25
0.031976744186046506 0.002906976744186046 0.09011627906976744 0.8749999999999999
0.17574257425742573 0.0024752475247524753 0.02722772277227723 0.7945544554455446
0.0034013605442176874 0.5136054421768708 0.0034013605442176874 0.4795918367346939
0.00352112676056338 0.7077464788732394 0.00352112676056338 0.28521126760563376
0.08267716535433071 0.5551181102362205 0.08267716535433071 0.2795275590551181
0.004273504273504274 0.43162393162393164 0.34615384615384615 0.21794871794871795
0.2006578947368421 0.2993421052631579 0.0032894736842105266 0.4967105263157895
0.14963503649635035 0.2956204379562044 0.07664233576642336 0.4781021897810219
0.26644736842105254 0.5296052631578947 0.0032894736842105257 0.20065789473684206
0.0032894736842105266 0.430921052631579 0.0032894736842105266 0.5625000000000001
0.059322033898305086 0.059322033898305086 0.45480225988700573 0.4265536723163842
0.0020242914979757085 0.12348178137651819 0.4068825910931174 0.46761133603238864
0.002906976744186047 0.23546511627906977 0.26453488372093026 0.497093023255814
0.0026737967914438505 0.21657754010695188 0.0026737967914438505 0.7780748663101605
0.003289473684210526 0.003289473684210526 0.003289473684210526 0.9901315789473684
0.0029940119760479044 0.03293413173652695 0.0029940119760479044 0.9610778443113773
0.0035211267605633804 0.0035211267605633804 0.0035211267605633804 0.9894366197183099
0.0031847133757961785 0.0031847133757961785 0.0031847133757961785 0.9904458598726115
0.00308641975308642 0.00308641975308642 0.00308641975308642 0.9907407407407408
0.003401360544217687 0.003401360544217687 0.003401360544217687 0.9897959183673469
0.003787878787878788 0.003787878787878788 0.003787878787878788 0.9886363636363636
0.002604166666666667 0.1328125 0.23697916666666666 0.6276041666666667
0.0037878787878787884 0.38257575757575757 0.0037878787878787884 0.609848484848485
0.2774725274725275 0.3598901098901099 0.0027472527472527475 0.3598901098901099
0.00308641975308642 0.00308641975308642 0.00308641975308642 0.9907407407407408
0.6611842105263157 0.036184210526315784 0.0032894736842105257 0.29934210526315785
0.5551181102362205 0.003937007874015749 0.003937007874015749 0.43700787401574803
0.10197368421052631 0.10197368421052631 0.2006578947368421 0.5953947368421053
0.22767857142857142 0.5848214285714286 0.004464285714285715 0.18303571428571427
0.25 0.003521126760563381 0.1443661971830986 0.6021126760563381
0.004901960784313725 0.004901960784313725 0.9362745098039216 0.053921568627450976
0.4221556886227545 0.09281437125748504 0.4221556886227545 0.062874251497006
0.33241758241758235 0.4697802197802197 0.16758241758241754 0.030219780219780217
0.571969696969697 0.0037878787878787884 0.1553030303030303 0.2689393939393939
0.40625 0.3169642857142857 0.27232142857142855 0.004464285714285715
0.6098484848484848 0.003787878787878787 0.003787878787878787 0.38257575757575746
0.003937007874015747 0.6338582677165353 0.358267716535433 0.003937007874015747
0.5476190476190476 0.0034013605442176865 0.0034013605442176865 0.4455782312925169
0.11313868613138686 0.14963503649635035 0.7335766423357665 0.0036496350364963502
0.004098360655737705 0.045081967213114756 0.290983606557377 0.6598360655737705
0.25 0.4950980392156863 0.25 0.004901960784313726
0.9419642857142856 0.004464285714285713 0.04910714285714285 0.004464285714285713
0.6880341880341879 0.30341880341880334 0.004273504273504273 0.004273504273504273
0.27232142857142855 0.40625 0.3169642857142857 0.004464285714285715
0.004672897196261682 0.19158878504672894 0.7990654205607477 0.004672897196261682
0.23820754716981127 0.5212264150943395 0.21462264150943391 0.025943396226415092
0.003787878787878787 0.7234848484848484 0.231060606060606 0.041666666666666664
0.45833333333333337 0.3446969696969697 0.0037878787878787884 0.19318181818181818
0.621900826446281 0.0640495867768595 0.2086776859504132 0.10537190082644626
0.7105263157894738 0.008771929824561405 0.008771929824561405 0.2719298245614036
0.3980263157894737 0.26644736842105265 0.0032894736842105266 0.33223684210526316
0.9507575757575756 0.041666666666666664 0.003787878787878787 0.003787878787878787
0.45833333333333337 0.0037878787878787884 0.5340909090909091 0.0037878787878787884
0.5425531914893618 0.43617021276595747 0.010638297872340427 0.010638297872340427
0.06104651162790698 0.03197674418604651 0.5843023255813954 0.3226744186046512
0.9029850746268657 0.007462686567164181 0.08208955223880599 0.007462686567164181
0.21794871794871795 0.3034188034188034 0.4743589743589744 0.004273504273504274
0.20078740157480315 0.5551181102362205 0.003937007874015749 0.24015748031496062
0.1677631578947368 0.825657894736842 0.0032894736842105257 0.0032894736842105257
0.653225806451613 0.00806451612903226 0.33064516129032256 0.00806451612903226
0.7261904761904763 0.011904761904761908 0.011904761904761908 0.25000000000000006
0.9827586206896549 0.005747126436781607 0.005747126436781607 0.005747126436781607
0.006097560975609757 0.06707317073170734 0.3719512195121951 0.5548780487804879
0.6338582677165353 0.358267716535433 0.003937007874015747 0.003937007874015747
0.9776119402985075 0.007462686567164181 0.007462686567164181 0.007462686567164181
0.23134328358208955 0.007462686567164179 0.753731343283582 0.007462686567164179
0.004672897196261683 0.004672897196261683 0.6121495327102804 0.37850467289719625
0.6954022988505747 0.00574712643678161 0.2931034482758621 0.00574712643678161
0.0034013605442176874 0.0034013605442176874 0.6496598639455783 0.3435374149659864
0.4351851851851851 0.5586419753086419 0.0030864197530864196 0.0030864197530864196
0.9190140845070421 0.07394366197183097 0.00352112676056338 0.00352112676056338
0.6025641025641025 0.1752136752136752 0.21794871794871795 0.004273504273504274
0.2850467289719626 0.09813084112149534 0.4252336448598131 0.19158878504672897
0.44021739130434784 0.005434782608695653 0.5489130434782609 0.005434782608695653
0.08974358974358976 0.004273504273504274 0.43162393162393164 0.4743589743589744
0.18613138686131386 0.0036496350364963507 0.4781021897810219 0.33211678832116787
0.004098360655737704 0.8647540983606556 0.12704918032786883 0.004098360655737704
0.19318181818181818 0.42045454545454547 0.1553030303030303 0.23106060606060605
0.0031847133757961785 0.03503184713375796 0.9267515923566879 0.03503184713375796
0.002906976744186047 0.40988372093023256 0.5261627906976745 0.06104651162790698
0.9827586206896549 0.005747126436781607 0.005747126436781607 0.005747126436781607
0.41393442622950816 0.5778688524590163 0.004098360655737705 0.004098360655737705
0.2898089171974522 0.48089171974522293 0.22611464968152867 0.0031847133757961785
0.9827586206896549 0.005747126436781607 0.005747126436781607 0.005747126436781607
0.5316901408450704 0.46126760563380276 0.0035211267605633804 0.0035211267605633804
0.6489361702127661 0.3297872340425532 0.010638297872340427 0.010638297872340427
0.26068376068376065 0.004273504273504273 0.7307692307692307 0.004273504273504273
0.2771739130434782 0.7119565217391304 0.005434782608695652 0.005434782608695652
0.5298507462686567 0.45522388059701496 0.007462686567164181 0.007462686567164181
0.825657894736842 0.0032894736842105257 0.036184210526315784 0.13486842105263155
0.8237704918032785 0.04508196721311475 0.004098360655737704 0.12704918032786883
0.7700729927007298 0.00364963503649635 0.22262773722627732 0.00364963503649635
0.9890510948905108 0.00364963503649635 0.00364963503649635 0.00364963503649635
0.27717391304347827 0.005434782608695653 0.7119565217391305 0.005434782608695653
0.7987804878048779 0.1890243902439024 0.0060975609756097554 0.0060975609756097554
0.9859813084112148 0.004672897196261681 0.004672897196261681 0.004672897196261681
0.010638297872340427 0.43617021276595747 0.5425531914893618 0.010638297872340427
0.5229885057471264 0.00574712643678161 0.4655172413793104 0.00574712643678161
0.8749999999999998 0.11413043478260866 0.005434782608695651 0.005434782608695651
0.5624999999999999 0.1019736842105263 0.3322368421052631 0.0032894736842105257
0.00352112676056338 0.5669014084507041 0.4260563380281689 0.00352112676056338
0.26644736842105265 0.03618421052631579 0.0032894736842105266 0.6940789473684211
0.7119565217391304 0.2228260869565217 0.05978260869565217 0.005434782608695652
0.004098360655737705 0.4139344262295082 0.5778688524590164 0.004098360655737705
0.36861313868613127 0.6240875912408759 0.00364963503649635 0.00364963503649635
0.005434782608695652 0.005434782608695652 0.983695652173913 0.005434782608695652
0.003937007874015749 0.4763779527559055 0.515748031496063 0.003937007874015749
0.5669014084507041 0.3556338028169013 0.00352112676056338 0.07394366197183097
0.8080357142857142 0.004464285714285713 0.004464285714285713 0.18303571428571422
0.9901315789473683 0.0032894736842105257 0.0032894736842105257 0.0032894736842105257
0.6237113402061855 0.3144329896907216 0.05670103092783505 0.005154639175257732
0.004273504273504274 0.5598290598290598 0.34615384615384615 0.08974358974358976
0.4416058394160584 0.18613138686131386 0.11313868613138688 0.2591240875912409
0.9531250000000001 0.015625000000000003 0.015625000000000003 0.015625000000000003
0.003787878787878788 0.34469696969696967 0.6477272727272727 0.003787878787878788
0.12704918032786885 0.004098360655737705 0.8237704918032787 0.045081967213114756
0.004273504273504273 0.004273504273504273 0.9871794871794871 0.004273504273504273
0.004464285714285715 0.004464285714285715 0.7187500000000001 0.27232142857142855
0.14485981308411217 0.6121495327102804 0.2383177570093458 0.004672897196261683
0.5718562874251496 0.24251497005988018 0.18263473053892212 0.002994011976047904
0.44607843137254904 0.004901960784313726 0.4950980392156863 0.05392156862745099
0.4950980392156863 0.004901960784313726 0.004901960784313726 0.4950980392156863
0.7187499999999999 0.2723214285714285 0.004464285714285713 0.004464285714285713
0.6240875912408759 0.00364963503649635 0.36861313868613127 0.00364963503649635
0.837121212121212 0.003787878787878787 0.07954545454545453 0.07954545454545453
0.004098360655737705 0.20901639344262296 0.4959016393442623 0.29098360655737704
0.15530303030303028 0.003787878787878788 0.8371212121212122 0.003787878787878788
0.4112903225806452 0.00806451612903226 0.5725806451612904 0.00806451612903226
0.2276785714285714 0.004464285714285714 0.7633928571428571 0.004464285714285714
0.20078740157480315 0.3582677165354331 0.43700787401574803 0.003937007874015749
0.9776119402985075 0.007462686567164181 0.007462686567164181 0.007462686567164181
0.049107142857142856 0.004464285714285714 0.9419642857142857 0.004464285714285714
0.9866071428571427 0.004464285714285713 0.004464285714285713 0.004464285714285713
0.6820987654320987 0.24999999999999994 0.0030864197530864196 0.06481481481481481
0.03873239436619718 0.0035211267605633804 0.32042253521126757 0.6373239436619719
0.6611842105263157 0.06907894736842105 0.0032894736842105257 0.26644736842105254
