0.45922035536559996 0.10424497044063406 0.20806653652296037 0.06920962425028514 0.05837640067597482 0.021346076574005772 0.050285135894138557 0.029250900276401353 
0.39531827871732167 0.10420848127913651 0.2565484024556278 0.05351530165417232 0.06453941931278342 0.03984206412719275 0.06952551012334876 0.01650254233041674 
0.36341093531077057 0.08411380348569082 0.258763244920808 0.05858282439561335 0.07914005516849582 0.04569272601699341 0.08857166947384122 0.021724741227786875 
0.44501388779058204 0.09462459258527309 0.18239189082226995 0.051518791680264 0.04532435148513343 0.054901495540678864 0.11371068987915224 0.012514300216646426 
0.686164735227867 0.04676089309313215 0.1326206970000086 0.02618515976146967 0.038893797949983835 0.027661104282046507 0.027127912292225713 0.0145857003932665 
0.4995360103005949 0.05669731826025842 0.1528167732508494 0.1391798675008267 0.06615169055801931 0.008731982017597078 0.05709413677504338 0.019792221336810877 
0.5316512353504004 0.0324769191909 0.23982771751971987 0.06594477478801342 0.048756517485627204 0.020129678765289295 0.04256413596659704 0.018649020933452724 
0.5186362215060154 0.030982283785345687 0.1975563001940724 0.048792851717538 0.10363817367247502 0.01292824423826761 0.07595746460530688 0.01150846028097912 
0.6058399461418723 0.030335335944943944 0.15367878408453992 0.05418322130221135 0.069857584424946 0.03029402390169636 0.048575383422121636 0.007235720777668408 
0.3828291891798884 0.13239368812121116 0.26671244171573993 0.052409681781054325 0.059964199343130936 0.016737527632335006 0.06718053471263508 0.02177273751400512 
0.44559852482642 0.07344954843799678 0.2818998237536108 0.03440708735518405 0.07764365242039659 0.019795249049589535 0.03608621617917349 0.03111989797762857 
0.4788528134859782 0.030790668355643393 0.2667375394432566 0.039713180539793086 0.09658950016193997 0.018492535743741077 0.04505878148806878 0.023764980781578814 
0.4778028625501717 0.04478061840711979 0.16651203408102527 0.025244785775642688 0.053621014993264646 0.1153976401627935 0.08000384432548255 0.036637199704499926 
0.3983166851328989 0.08131002279943159 0.28864566167240224 0.05366666028044302 0.07691513339897911 0.024090869791706177 0.05507288270932091 0.021982084214817822 
0.43925307505835165 0.07747088814351753 0.2321572645169625 0.09766531489763867 0.06635049372453367 0.02195265389157608 0.03396541923814371 0.031184890529276317 
0.4519324716027199 0.10275604632622931 0.17520165976507335 0.08186580772922464 0.07063617247822876 0.03866166698813804 0.0694351685386603 0.009511006571725685 
0.19496478926538943 0.11412060729173594 0.4544398701319938 0.08247157221583429 0.079814154296352 0.010207266049574198 0.04517369764219071 0.018808043106929795 
0.5465984772900283 0.0738329518856095 0.20146874759287536 0.0452002242882307 0.04882666019939962 0.014718548476327581 0.06467965750203396 0.004674732765494968 
0.4162152919721911 0.10065763116522974 0.23322598649174087 0.05926332960514282 0.06804450470001804 0.024574323691158955 0.08318140752457226 0.014837524849946286 
0.42287223079143355 0.0666591841977877 0.3023510816770532 0.05966886486577902 0.05674149545052927 0.03532374975362056 0.03761020153425609 0.018773191729540877 
0.5722180994537545 0.0673981475814642 0.2116217735156053 0.031161547193758868 0.039352018898720705 0.00593788434091337 0.040079284873791816 0.03223124414199125 
0.3878805082005217 0.05694170914855981 0.3359030093842993 0.04803045755870317 0.047818276358699015 0.02630150295409752 0.0710427111708499 0.02608182522426943 
0.5173012528018904 0.020897089302696847 0.25783697259702376 0.06244721100311614 0.0032079406607860503 0.027169525649940712 0.10790131746279515 0.0032386905217509482 
0.2563132932925351 0.12993978920691626 0.3378889205959123 0.0988062489412425 0.05543568522704578 0.014315252177227055 0.0959415029951094 0.011359307564011696 
0.734772342326231 0.015162186207839495 0.20064313753319968 0.011251774876132496 0.021486191350363833 0.004329356276288098 0.0062534175142910445 0.006101593915654331 
0.4879628167048608 0.028207099463094222 0.33983113162147677 0.058817625981803776 0.037208166568321085 0.018997006276632575 0.021128695077514564 0.007847458306296084 
0.44588895039442705 0.07187910340283962 0.23563443314634197 0.048096543028663896 0.0775680823261758 0.04119052315940175 0.059552486768335224 0.020189877773814535 
0.525488269486664 0.0745875560430667 0.27042607375472993 0.022744775984101732 0.0451603708880852 0.024479772793771854 0.02471970507101974 0.012393475978560935 
0.3769137269547565 0.13090762784649154 0.3199754666771027 0.025040508806907284 0.04417890452429024 0.03174753019161798 0.04594129227762722 0.02529494272120663 
0.45424730353891934 0.05113632045156254 0.26615740221385686 0.05432555121818994 0.029830637772457997 0.0333351961978141 0.10394360079369297 0.007023987813506178 
0.4216830307771901 0.09261500924671558 0.18770042127643205 0.12560215820562287 0.04384493932861118 0.03685100857567722 0.07460403129175601 0.017099401297994917 
0.4204097964397966 0.06803908538482208 0.3090256753622769 0.03213471182428045 0.06534720850233647 0.022657601341093136 0.06647709677506208 0.01590882437033227 
0.6356147541115134 0.01065566737359239 0.21507365784145388 0.025028656366861243 0.030746906414164374 0.020573455889079578 0.0128261498379707 0.049480752165364544 
0.29236172580832415 0.10433107058956405 0.34322756168432117 0.06469374821852902 0.07407804181141177 0.030429535548078826 0.07270992364517456 0.018168392694596646 
0.36566653295386 0.09045280067501721 0.29094424772404975 0.07257042140239298 0.058610258017572726 0.040615317740526305 0.05750075639255844 0.023639665094022294 
0.4420105796527348 0.1253439280183667 0.2231178196080237 0.055432107488902836 0.06524211513512149 0.022107559517336374 0.06102346527518373 0.005722425304330418 
0.5181892831289185 0.07710528950379608 0.23422945306987628 0.03469955728477033 0.044099537327203335 0.02414652482774353 0.05457910449795278 0.012951250359738946 
0.5164533513808344 0.10016472395959868 0.16458442109793758 0.06813764085090393 0.059969458172047706 0.011254420947888769 0.05122461628008794 0.028211367310701146 
0.49183535677019574 0.08984793017465151 0.17627439820040527 0.03522199565920407 0.05288085886673536 0.040708714660964165 0.08568872036400092 0.02754202530384292 
0.5463806557631053 0.06349289547912475 0.1681352928172873 0.07127483248699455 0.02409095104276156 0.026285082741391602 0.09262025913971687 0.0077200305296181385 
0.43471637468188323 0.0847872772826758 0.23269758176835822 0.03253948660020066 0.1063022617018945 0.025933577459272023 0.05654400833256143 0.026479432173154124 
0.4402754952767605 0.08647488079006872 0.20378836940932743 0.070638800140258 0.059955811549401695 0.03227417433499286 0.09810394384570421 0.008488524653486712 
0.620410086556002 0.08013137543120193 0.12071494494170634 0.06510559095276122 0.04277969919103782 0.006766221887672846 0.059919846942554075 0.004172234097063678 
0.5057364124311043 0.0589104039296219 0.22100113669972374 0.0648077725136719 0.0677361422510751 0.01910816250258822 0.053804173145423816 0.008895796526790845 
0.6505643335979278 0.03913940356640749 0.21589775699523275 0.02743010265244895 0.015574502198252757 0.01777656016789659 0.029512867022242168 0.004104473799591752 
0.42661624142290244 0.07606494510446322 0.20083251013222073 0.05304880499422476 0.09173161868674715 0.040252773612056696 0.10067151615449034 0.010781589892894825 
0.5989521063777977 0.061258191180367606 0.2279468006099486 0.00613943143720996 0.02048743246461867 0.06233490691559645 0.01703673386463446 0.0058443971498266115 
0.3106297352098599 0.09863619229393368 0.2384527067944227 0.06984076124472766 0.07006171008828489 0.013925443256716633 0.18392671552991682 0.014526735582137656 
0.48075781355736896 0.038934177387939806 0.2656597500329891 0.07852437003042081 0.021501906602917363 0.035647730434194815 0.06355346687942438 0.015420785074744849 
0.45496422521057545 0.07700992439263248 0.20913328489247962 0.0609861498099703 0.08443404174351542 0.015645956625208426 0.060191330007864495 0.037635087317754126 
0.44579912674310557 0.07576495387453827 0.2779849552605521 0.03571672865617624 0.05066603362520805 0.020307422421676664 0.07910266559978414 0.014658113818959134 
0.3841966738788364 0.03755048700433704 0.2957717497320295 0.09718204366190586 0.07007071301418148 0.011961316064081766 0.05438847555541485 0.04887854108921311 
0.6485259873845557 0.04248120979453907 0.1775626668508423 0.019666292358768947 0.06318641462761058 0.01692350257449387 0.021128691554588123 0.0105252348546014 
0.4982144093938011 0.03265479568303011 0.27388058666148807 0.07537643352472502 0.06131650247335936 0.009384880451077411 0.0356314067050027 0.013540985107516248 
0.3450299020274226 0.09416292982388232 0.33146171617655923 0.06722062657701541 0.046646982206130345 0.0374176034716267 0.05912099245727887 0.018939247260084592 
0.5242176236680086 0.09733830707992623 0.21421408221950453 0.03519712555003211 0.034613053674906163 0.022846207599749497 0.049027533227611435 0.022546066980261424 
0.492114187352966 0.05999531674610173 0.1571264164743479 0.08352164440819687 0.07517518140622738 0.03030030203697519 0.06361842014075285 0.03814853143443208 
0.37317181824683926 0.1496480040744457 0.16424870577358283 0.11757489279448297 0.054062797594983114 0.055508650067381676 0.06744504759472965 0.018340083853554907 
0.8429345479652594 0.00623306160121312 0.13167461166088257 0.003946974029604366 0.003916846239470701 0.003812709551847166 0.003928820296900996 0.003552428654821832 
0.5028837374153867 0.05768767560421724 0.21250976317254458 0.06565857924236397 0.0473557118619534 0.014150246870712414 0.08161328299575231 0.018141002837069445 
0.44322916816847974 0.0706824969813296 0.18961574570441453 0.13223137599927523 0.05564812284009403 0.01923716954941333 0.07353813192167452 0.015817788835318994 
0.34140045664407853 0.16318582047469996 0.28243960511912836 0.03490756816938828 0.0731772176423664 0.007252472386368111 0.0590020990543998 0.03863476050957072 
0.5919781038810568 0.04220159292018001 0.1862895055038199 0.06854945005293903 0.022499088862100624 0.02423255512819671 0.05373498700817869 0.01051471664352834 
0.3396484725532977 0.1399766800845891 0.26700298016063523 0.053517917170841055 0.029333810140739363 0.0813540541373823 0.0805479954715283 0.00861809028098699 
0.3346317741076751 0.1435090028768435 0.26876066589031916 0.04906050060149682 0.049683449303034914 0.05615975390916184 0.08806322193246247 0.010131631379006198 
0.39995972772967275 0.09206600147547553 0.27017346692865024 0.07486341803150824 0.03716936354451641 0.04480899309799217 0.07050979654213928 0.01044923265004532 
0.4110883745888042 0.08662766404387645 0.27394654384014067 0.05834294259669059 0.04737628960876488 0.03524546009429758 0.06205595150553336 0.025316773721892314 
0.3788442694141787 0.134119532370991 0.21943868441903555 0.06147964157356518 0.08268729759425272 0.045921166159649585 0.05995671186563327 0.017552696602693884 
0.23806517089393575 0.22682793224340364 0.257819026265103 0.07501921513294646 0.05526396994670434 0.036364290406132864 0.09146886080834121 0.019171534303432686 
0.6509433156901545 0.07521853689131669 0.14952991745546215 0.026565928562487674 0.01415820847701284 0.02792142745301053 0.039368473488943824 0.016294191981611778 
0.36345573767671707 0.08252425492644959 0.27046739758939464 0.0632437378952036 0.071267107006914 0.055889297614818326 0.08740895477294672 0.005743512517556073 
0.41895024081143645 0.03259403333309119 0.33329346069692006 0.05547043168108768 0.05415623433245104 0.035306948219328935 0.05618804309678074 0.014040607828903921 
0.2976361992204958 0.07295160990769786 0.3745671435087334 0.049293216151016936 0.05985652396081872 0.054966385259446617 0.06662948872482354 0.02409943326696717 
0.7243820609627769 0.022425544668065726 0.202922133393465 0.007649560820002616 0.0027440324531259955 0.0053668781368503395 0.0260223845288897 0.008487405036823634 
0.18132364605935058 0.09970417141960475 0.3658549098597486 0.15675059456667986 0.04287447103167571 0.05292897602798674 0.09384518008599875 0.006718050948954964 
0.5169081866566079 0.0169361278097595 0.32752055142451764 0.030781681255487938 0.07393116439927927 0.010613872871256586 0.011620598935911464 0.011687816647179508 
0.46861781357160026 0.09953920682095971 0.1720641154572394 0.03628746386275724 0.06887545796100264 0.06419737800545093 0.07759048771188261 0.012828076609107075 
0.5471681502091608 0.09766067641993682 0.1826534823132601 0.04283067369914315 0.10099271078536036 0.010705070766562793 0.010685450356824357 0.007303785449751784 
0.417245285018216 0.0927883644410429 0.23248040529740863 0.09060216725458729 0.03088904005717032 0.0761617276468843 0.0521605873175762 0.0076724229671142445 
0.41756738504134994 0.05336351784629128 0.1855837195822388 0.09033021696133599 0.10158327019400111 0.04122126810145713 0.09056586420374967 0.019784758069575924 
0.37992537851161984 0.019281010250955837 0.45940568072902666 0.05381803943221218 0.022958026361266756 0.007791147654538665 0.032907980072927785 0.023912736987452176 
0.23929771999708832 0.07195305168516218 0.45327434483585727 0.06740300894008895 0.04845674713145202 0.041613746341145966 0.06860539729569883 0.009395983773506452 
0.34353850538175407 0.07078114379896473 0.31278842608676843 0.07620405774043239 0.06318846448984038 0.041823067970968734 0.06915989196247614 0.022516442568795012 
0.23907922605427703 0.06528802893782898 0.4166455464168263 0.12104487854251339 0.03744615890790615 0.04457772512747025 0.06605661766677384 0.009861818346404134 
0.6081444031469121 0.0403824212904028 0.14972534981878008 0.005643714815992063 0.08781435352190435 0.004968137746853268 0.042397578902274 0.06092404075688131 
0.5712998018716461 0.05081253305077002 0.1810185644159892 0.0699365189908689 0.06270434889290392 0.016674795679571416 0.03815119852545898 0.009402238572791547 
0.3970712619716885 0.08191339388537484 0.2578864793559662 0.07733777471392878 0.04357463270384305 0.045199359179337505 0.07409794136737805 0.02291915682248314 
0.13834464198551155 0.24034114010460297 0.22172479060292433 0.14297439222371125 0.09466725405387988 0.05690102793229708 0.06345168207275508 0.04159507102431777 
0.061889867966544054 0.13429682723703248 0.36439375347937086 0.10597463250685718 0.07482917870415629 0.07760364983886149 0.15221270263093586 0.028799387636241736 
0.10828783740173897 0.24467131787461593 0.23655830840550696 0.1535105071534506 0.07319948828917694 0.08784468614157083 0.06698569803439818 0.02894215669954156 
0.0843439363062496 0.1696549287459204 0.2518644482985284 0.1472653581002974 0.1348212305924249 0.08137239558740675 0.03155504260563484 0.09912265976353778 
0.1276628369568587 0.11107958871109004 0.25133103393595685 0.09328939981030988 0.04959286334118916 0.25385451706410056 0.05710258045416417 0.05608717972633056 
0.0944277110231189 0.13540856040043964 0.23882213126425467 0.09621611638468616 0.11858424158282259 0.1316498147915724 0.12188458201135453 0.06300684254175108 
0.04912964015337083 0.2562853996275284 0.19260195393458646 0.20359660164840893 0.15143531215888084 0.026699100992944622 7.749911219464404E-4 0.11947700036233357 
0.09333320209743619 0.17343242644330026 0.2706483131923588 0.1919291069228711 0.10394278537259061 0.06627331636730248 0.06796663296270912 0.03247421664143126 
0.16264171940203911 0.1438672284979302 0.282506009613559 0.12686815857921557 0.09864509690246022 0.03849324567211151 0.09293876243674269 0.05403977889594147 
0.14465293106666785 0.20090960155258142 0.26908667246245677 0.12711309381548327 0.13924208794707485 0.03908048212734459 0.04055726103721502 0.03935786999117621 
0.06565407801590367 0.2380641521167297 0.22005303137064983 0.18819686716482978 0.08507866168960769 0.03898381193634281 0.10342064390081059 0.060548753805126004 
0.12823058798572165 0.20693441055642237 0.4106451910997106 0.08631783989559084 0.08515033989577404 0.015691888940566872 0.030795064753721024 0.036234676872492606 
0.06319244796560358 0.1953478606099711 0.27843768769693 0.14597677443477386 0.17654180770159714 0.046415099290557996 0.04409301831679666 0.04999530398376959 
0.05847369286425378 0.30114384403909433 0.18894602542761058 0.18182227038841234 0.13630808868492744 0.01878722534677858 0.04839512814872617 0.06612372510019672 
0.031527119845522124 0.19104958137529962 0.20225639882746022 0.36129443346147505 0.09900804897922821 0.023064624064428815 0.06368349024437413 0.028116303202211933 
0.13365474008900238 0.1820592993575994 0.3163466072985784 0.08430937093515402 0.12507058053948875 0.03954179823676214 0.08213552766644944 0.03688207587696559 
0.14501588015686734 0.15440523598180855 0.25708792338927683 0.05162284654776465 0.17265834485748924 0.04505180670533116 0.04806532018564661 0.1260926421758156 
0.09443235745251027 0.15081753840720977 0.22113695023141214 0.11316362433279663 0.17139551403564127 0.09159420715673078 0.030202326563685163 0.12725748182001412 
0.04317526780173167 0.21967903806167685 0.26844218529295877 0.26366094378945704 0.1002728129775385 0.037024626543159814 0.046121051924059506 0.02162407360941785 
0.0448436811412036 0.32601526724348484 0.12383748314045093 0.18205140138345288 0.16715510844139522 0.020952261637419107 0.017184061135782167 0.11796073587681134 
0.09151182351298204 0.21580448992009355 0.2719707420835207 0.15102253998620344 0.133063361528199 0.03676284904785011 0.06192775548294632 0.037936438438204906 
0.12944960029789845 0.14858472379566634 0.2552893302063039 0.1132108067649317 0.11433987059213156 0.017648068942021113 0.09079939018958266 0.13067820921146425 
0.13763110660947633 0.19231775218491184 0.2593313332606168 0.1529151626096794 0.07328472715461962 0.08618879874891919 0.04564978879876427 0.05268133063301254 
0.02367457492001629 0.1824008457751684 0.18688959142603662 0.3683374800092958 0.09446653350655454 0.03538919222522603 0.07873244224827416 0.03010933988942819 
0.07145394789511815 0.17037469483979387 0.2432352827418991 0.2817440396759536 0.11610662688014349 0.04297080944510556 0.05279074513150961 0.02132385339047668 
0.05529853852807107 0.20599260793109475 0.09383425448088031 0.37862409803395125 0.16646645682495714 0.04350893097666969 0.019291972725106108 0.036983140499269644 
0.05694973192433499 0.2809958552494279 0.18685254978328938 0.21231065748972103 0.10548793894337968 0.04497699756832326 0.08151303519666847 0.030913233844855316 
0.08332793468811694 0.15039546634874182 0.2857696220088205 0.07829227037375819 0.14349582765519484 0.06669831145969933 0.088052042364385 0.10396852510128334 
0.18940366062544914 0.11421283799601871 0.2679961459349191 0.08783242587770496 0.24372118550003405 0.015703730617142184 0.030949502695905025 0.0501805107528269 
0.0682585779708099 0.2539177038410175 0.14035750282126852 0.1244670759334093 0.200466766717094 0.03524720037693129 0.022952007789054308 0.15433316455041524 
0.11330749171636793 0.163274647593349 0.24842527881550186 0.14200315764942936 0.20370024278584115 0.03736402592619366 0.04907783818651633 0.0428473173268007 
0.13259104093422966 0.14397507578707838 0.366897083386974 0.15848936336171 0.07097750969944523 0.0445884428278714 0.05699841267543137 0.025483071327259812 
0.14766751357254682 0.0925885798656632 0.2989530573845215 0.12839570313701762 0.1293754590181742 0.0892762288118006 0.08670354456747235 0.027039913642803608 
0.03061091515127279 0.20385422475780027 0.16054930701564057 0.23575835491159303 0.258726259766561 0.05258465551189266 0.008602951892117698 0.04931333099312206 
0.16190056829773877 0.2046306721871021 0.24599762654409602 0.1203683332208504 0.07488142171095441 0.049991870166869345 0.10182269931027277 0.04040680856211613 
0.09343395128933635 0.11176258810967386 0.15263544121389305 0.30904002019378074 0.13557121596513352 0.036964330318543556 0.11613252398205048 0.044459928927588585 
0.09044039433644861 0.118516484741854 0.27214035581475676 0.1726153290543187 0.15744885128120295 0.0723847235886459 0.08333978850148037 0.033114072681292586 
0.10291039578841236 0.10610501221256685 0.45159521945441294 0.09208234997275341 0.152198154743063 0.02257332413484033 0.03910025264984729 0.03343529104410366 
0.29611445374503087 0.0981447215724435 0.15218280516890423 0.07040744340995521 0.11101860024213557 0.016266023996716113 0.007848985140081043 0.24801696672473353 
0.10165108592035028 0.11712586136120912 0.40026421393028677 0.1115032888016826 0.08671869061355529 0.04022760330419374 0.10920580056963987 0.03330345549908235 
0.12081315746256431 0.13252306695507904 0.37208336948658993 0.13513039747965913 0.08646641467444272 0.03139586550197885 0.093958634071406 0.02762909436828001 
0.08892742598431415 0.25746728842834665 0.2373081138553771 0.18694353122712382 0.10003107779306435 0.010003889083108177 0.0954848761816325 0.02383379744703345 
0.11605422984326665 0.18694607065651334 0.2740600776763951 0.1077221839811806 0.2097947473331207 0.022023208595915465 0.04546340220339445 0.037936079710213615 
0.1239034924201214 0.17992443101684558 0.2801467096863947 0.0934357359816065 0.23213952815550565 0.011889360798607132 0.036472622150453375 0.04208811979046575 
0.11405378275272761 0.17102647914266633 0.2929065230327522 0.10803781523464238 0.224906691339608 0.01056682970737095 0.048045813566029244 0.030456065224203247 
0.09980498136043403 0.1811151019198567 0.25464984931335116 0.26000676895781916 0.059862937194389995 0.03480734056313028 0.07027793542033192 0.03947508527068689 
0.1331249545796299 0.14159562764694236 0.16700317364237624 0.18387434564626792 0.09097237356178611 0.043332589203847326 0.0634761600891762 0.17662077562997391 
0.11188105641242008 0.13002445730160483 0.41373147416336536 0.09641113034534231 0.06364005490947994 0.03925017200716994 0.10721102055233007 0.03785063430828743 
0.13134063217453226 0.07040685392561169 0.27697823431270485 0.10554043459859525 0.09755638822304072 0.1308979187868819 0.05815661644919006 0.1291229215294433 
0.054240353102897036 0.29383596825539654 0.15781757533677004 0.24320366133981386 0.09092070084737891 0.03734693327118945 0.059253515884927305 0.06338129196162699 
0.10301849697768865 0.1265379255609176 0.14242519879376891 0.10484759394069511 0.21095684190060981 0.04044963567676402 0.10871131585843571 0.16305299129112022 
0.1205094233553107 0.13056499730224436 0.22777812248055795 0.08572742370946951 0.1928477711220103 0.03011163277673908 0.025634942873794114 0.186825686379874 
0.22314794170608462 0.21699325416559165 0.1970659680738948 0.09632352581571306 0.07161706711467482 0.05682806001269925 0.11046416675591951 0.02756001635542227 
0.17461060133473202 0.11675539755682672 0.1897011099736093 0.17231655245898622 0.078200768308357 0.044884537490223725 0.143342774098949 0.08018825877831598 
0.24522921134077214 0.1182980866520081 0.22708526130496598 0.08856147982444368 0.08492994501250514 0.020020207437084502 0.049632885776831365 0.16624292265138899 
0.10080411727994767 0.24372404549352344 0.25632219857352245 0.1380479442222485 0.08181642110875127 0.08180573834504318 0.06317642706160513 0.03430310791535845 
0.05767486569770395 0.2134961511433472 0.14265239471898747 0.0869957195845682 0.18547553127023206 0.03126013288525411 0.031298098825851946 0.25114710587405503 
0.07951895088183991 0.17808994873948178 0.12527123302067858 0.2121788093357247 0.1488273462884799 0.025022142145879053 0.02509864322781686 0.2059929263600992 
0.151195096819736 0.23823460967221663 0.2728276862418709 0.11300187667901683 0.09891315822616023 0.026509747739589463 0.06919144382791606 0.030126380793493723 
0.13960291233429697 0.10250341200898233 0.3198295057095256 0.08798215281652386 0.20516057151938913 0.0401241896616231 0.06839991499724747 0.03639734095241126 
0.1888899968377274 0.07678355793279873 0.4888196028418811 0.06501824366177505 0.08978225219178633 0.01281142466562997 0.03296334129260167 0.04493158057579959 
0.12457035092664229 0.19469607361226332 0.15918559476848707 0.19248990628701387 0.07603471037727066 0.035304719037420516 0.04988848534200882 0.16783015964889345 
0.0682585779708099 0.2539177038410175 0.14035750282126852 0.1244670759334093 0.200466766717094 0.03524720037693129 0.022952007789054308 0.15433316455041524 
0.10430800862281994 0.3089055660501842 0.22425278897538561 0.13186935344199097 0.09782452223611333 0.03359583669476911 0.045893229070409734 0.05335069490832709 
0.04685867517653586 0.19641911940794965 0.27310040531896257 0.10056206906430493 0.11389025213460684 0.22542200675950144 0.006072486650383682 0.03767498548775508 
0.04987787896651114 0.16996395157272917 0.2806297922229353 0.1082482481749007 0.27585961894158 0.0673083003493112 0.006124894406188977 0.04198731536584359 
0.037675032024860146 0.27466124018822047 0.13474751298156365 0.09925236628827085 0.3447765323844783 0.03370753929461832 0.004721540609219727 0.0704582362287685 
0.18863550447606556 0.2153057161181927 0.2212612880990242 0.10733165939163587 0.10999735990297438 0.046842028397820784 0.07306089139153805 0.03756555222274838 
0.21963174118703052 0.1784393869433672 0.36625094058302843 0.0882210579001814 0.06046713453471476 0.010218277976140028 0.05118581038765753 0.025585650487879943 
0.175324918077252 0.25041359808013464 0.21553358998858316 0.10576458689934204 0.1268839132422527 0.01803220592085167 0.05257121560713431 0.055475972184449655 
0.08170105086175847 0.1554699316391437 0.4014491018187297 0.11336901239508902 0.07568465714211799 0.05503181041445359 0.08054347557940877 0.036750960149298594 
0.01968476193190368 0.1307246177332721 0.08344377901428332 0.6515607096848183 0.0453093316801435 0.014553540658608002 0.014054812068395657 0.040668447228575454 
0.028120791428624396 0.13871437740740483 0.09988647181491678 0.17576101056461318 0.08270795534679422 0.4080075970808282 0.00389333009772829 0.06290846625909015 
0.11580587806020914 0.2237593342203737 0.3025066805520883 0.14557813841081052 0.07693700527470583 0.041841295471546185 0.07471436436238835 0.018857303647878066 
0.12329781870770622 0.15703661734641566 0.40102777350590374 0.09753837126299564 0.11623819227341563 0.014721350636263925 0.061903713745628954 0.028236162521670216 
0.10560705714786578 0.12391760168921231 0.22120291950801554 0.15876372865172553 0.1287777948880668 0.16089707565832995 0.08039436394658395 0.020439458510200265 
0.1259186419122619 0.11732787390392731 0.26443976681376696 0.07516491499792337 0.24004611280698654 0.06833827011113065 0.08529957237348687 0.02346484708051628 
0.145129892963195 0.2147459947776232 0.16055739872291905 0.12128069214107877 0.1755809619393538 0.025729435905252673 0.04927310780042023 0.10770251575015737 
0.09063996640039186 0.07342396460533829 0.26066905623649606 0.38235950368070826 0.04468125802241095 0.05983622646252906 0.06721120550281819 0.02117881908930733 
0.13933272346674253 0.10334949894937506 0.35727805128587264 0.11883469736615586 0.15869241761037312 0.057831538631081855 0.03430616666706627 0.030374906023332583 
0.10048550698184676 0.28212598383291837 0.1797426889865788 0.15377074487165066 0.08288686467897392 0.04104957168308376 0.1373893853508226 0.02254925361412515 
0.1219501236938789 0.051903660018450995 0.6322068060041339 0.03529524295392803 0.08298192327634613 0.032460261604554404 0.0272612191414126 0.01594076330729513 
0.15124005070622346 0.1502776037614829 0.4410621814281657 0.09202359772253739 0.06620194705394504 0.01146220377485423 0.0678143329960663 0.019918082556725055 
0.10594222323922031 0.11808713388633386 0.38666577720319173 0.11219239222009586 0.1012484838859175 0.02102379162775042 0.08999778975717886 0.06484240818031145 
0.149812802946708 0.160896826631392 0.23822142574644198 0.12282502740541426 0.12146239810870689 0.040866610343353045 0.048434768454065025 0.11748014036391888 
0.08048717699107308 0.15151755735443342 0.2163199113711238 0.19674805755820984 0.1858213893531621 0.030084997786213652 0.08121645258325413 0.057804457002530035 
0.0864606997470397 0.10535918417844788 0.4961240159939904 0.09064711026519702 0.08891106175510276 0.02159763746329012 0.054431791795859774 0.05646849880107239 
0.10834055112561372 0.07893827342323625 0.41391973221888734 0.14647335635086334 0.09876800938321319 0.07074659403403011 0.0627176678547406 0.020095815609415518 
0.13930820041031228 0.1823407917359327 0.24605627765985258 0.11551691608731973 0.19898808321273365 0.021943777140830917 0.04284217286179137 0.05300378089122697 
0.19981833081001696 0.14766757751181747 0.17933299424321805 0.09935666381335534 0.21112688776178884 0.03671202134662452 0.08522479746269622 0.04076072705048273 
0.12685242189132007 0.10731206069346637 0.45166910505110724 0.07538540805261867 0.08373684342225754 0.04484663337604385 0.09462211732403361 0.015575410189152882 
0.10669194811042955 0.07552499921304619 0.44554714147934 0.10126377191350487 0.06901348231367664 0.04476033526687637 0.14648673107686996 0.010711590626256479 
0.13462478535345843 0.0735396440621373 0.40064126218013624 0.06586464825681718 0.18784750639799538 0.0376456421592003 0.06777464589101295 0.03206186569924222 
0.1012935807347398 0.10243109982527074 0.4171376158481645 0.07502565657734474 0.13913367141881303 0.04424399471051422 0.088692565143505 0.03204181574164826 
0.09193728497880287 0.09045112470080414 0.6387109119144584 0.03933160513165031 0.04800976040080896 0.015862804011640332 0.0599565394619334 0.01573996939990153 
0.09445883482447323 0.10339669783855275 0.4917236393463813 0.0628989772892409 0.13937196001977234 0.022017474071605127 0.06401115269904012 0.022121263910934212 
0.09797991596117175 0.13600202836029765 0.5601804018295569 0.10368575012391386 0.06377047487471453 0.008068660339131653 0.024709932849704287 0.005602835661509458 
0.13184431630198495 0.10380203156796516 0.4533929455548226 0.08199007372476846 0.07882893581408895 0.03346865638768936 0.1097928943623163 0.006880146286364197 
0.06912191308542828 0.10313524875573095 0.6005696901598511 0.07657799868417327 0.09228972087158528 0.01615472146972761 0.04010326477642501 0.002047442197078521 
0.15445834393703342 0.06373742958835951 0.5297512932893087 0.0837045814345001 0.05390152037000897 0.035408034535367755 0.07277745551566571 0.006261341329755855 
0.07834940397779426 0.06562174586958938 0.6330417945869449 0.06726658308894495 0.07573804659231861 0.01911186528181453 0.05593632389054666 0.004934236712046622 
0.12979012091157532 0.05886340962505712 0.626163992455281 0.025824911434155697 0.07781752858320844 0.011814471848773057 0.05391712290046158 0.015808442241487915 
0.1262119652140614 0.042984742060089724 0.6449324568039771 0.03502279885724544 0.08373118375754794 0.02300457977975807 0.032716315148209364 0.011395958379110789 
0.18606037269138123 0.05860800455406574 0.43002448971604174 0.08147983581126202 0.09634350260910649 0.016900906747092985 0.07055904958429446 0.06002383828675516 
0.05586950002591756 0.06450018057252588 0.4535317271264348 0.05301724326484937 0.25579697050869693 0.030157126818902015 0.05045813027231222 0.03666912141036116 
0.1161864716830432 0.02730773273747198 0.664267345135752 0.039919904727801055 0.07841723458872035 0.03891384869844017 0.02330229823865765 0.011685164190113614 
0.12429308846239508 0.057251361904742844 0.5929926939008648 0.04973300283645533 0.04945415827744839 0.04017710270585551 0.05909436096620631 0.02700423094603172 
0.10768288310119646 0.05300663093814009 0.6075337832253531 0.04446375298754359 0.05585572320444538 0.039067629674105306 0.05223062055747071 0.04015897631174548 
0.16749301957389157 0.09162117482116475 0.49301860473529907 0.03994058962043009 0.07973383850849096 0.03676060763955091 0.05818149782701069 0.033250667274162024 
0.06732623515209483 0.11625640252691523 0.4925848202078505 0.08554761869950227 0.08351407455019257 0.026030655632462603 0.03293641803772215 0.0958037751932601 
0.10427519420462246 0.10543507104579482 0.5520020045298418 0.042851760375787765 0.05495804529558491 0.07324163843090403 0.06354279021644268 0.003693495901021433 
0.11568842961891311 0.09767223172366168 0.5136569184891443 0.1003710540331436 0.06814315709072025 0.011808871644724467 0.07483829396189896 0.017821043437793782 
0.06828902451655107 0.07349388685076293 0.5072707782430438 0.03628494420517797 0.12010263976327895 0.11800691393460681 0.0700030143436535 0.0065487981429249 
0.10448369583315031 0.06885533896394919 0.594434964934707 0.0374514472131296 0.03008361703137541 0.04481573019855636 0.11267949048666791 0.007195715338464148 
0.1466856958396562 0.11355106027867579 0.41014985681662675 0.10227574547856029 0.1175740179831222 0.0406552699486914 0.05009686793858167 0.019011485716085758 
0.061884224087687886 0.06886720056165412 0.4906331473615971 0.11386554030521642 0.11811016346123651 0.03054811336818839 0.1046247929167535 0.011466817937666065 
0.2067014399142768 0.05120227501229854 0.41612633591026793 0.04998822845968005 0.09683226890044844 0.04216178227861758 0.11646540886604506 0.020522260658365737 
0.1886205549181312 0.10246097962748552 0.44503137359212164 0.05129972672671281 0.06784872052516462 0.020674450318741863 0.11927252787732083 0.004791666414321278 
0.04429295969273804 0.07776161793500057 0.6580263067539835 0.03554743441429742 0.09315395713873946 0.06259439999790554 0.01260160861478874 0.016021715452546565 
0.14695057413432566 0.09587029862022273 0.511615290477371 0.04224532790202893 0.05477079340996687 0.06715354900583641 0.07356067993200975 0.007833486518238623 
0.11460362957668849 0.12184138420109525 0.4524158670446652 0.09666879550785473 0.060320009896809954 0.04833971078435019 0.08696200417244168 0.018848598816094447 
0.20766200625935347 0.07121411173723922 0.4971840890404 0.04344282021558107 0.08065056119208142 0.02794841223566582 0.045230634090458584 0.026667365229220502 
0.14468056618476455 0.07732468594049716 0.4855017959883271 0.05612684757284044 0.10616168224419799 0.05769238463432831 0.053552073955515596 0.018959963479528805 
0.12504922020576384 0.08485318217276497 0.6068667405278293 0.04639883232225199 0.05444867589430879 0.03280731649690226 0.03551800879205207 0.014058023588126762 
0.14337612097128483 0.06356621140195741 0.5088277751719521 0.053200190532708504 0.05208819696231592 0.049108557366170695 0.09542132515224884 0.0344116224413615 
0.08288994153134245 0.07325435364882935 0.4967238410488339 0.13498360495843761 0.07467807323522856 0.05185319217703027 0.07307435316807241 0.012542640232225559 
0.06436820735715865 0.3041867120141249 0.4721764034116764 0.009414093064865006 0.028101222941027116 0.08576223417592084 0.030444441670205383 0.005546685365021755 
0.14587967240270608 0.09974065599075561 0.4832244761789293 0.051101603287170436 0.06501792929166726 0.02441716273882824 0.0974678185266933 0.0331506815832499 
0.1479301404907524 0.09083845545081023 0.4487298862978877 0.07614630205705106 0.03827858508327831 0.057850903421143164 0.12754818080706865 0.012677546392008476 
0.17049202869385663 0.06242735776827401 0.5286065836689446 0.08172501558592353 0.05795629881542457 0.025093907344155873 0.048671254260193204 0.025027553863227435 
0.11552133247410845 0.06782825264770352 0.5572685275735118 0.04798353392539087 0.0625464332560085 0.07034850551859392 0.050576142645815975 0.027927271958867017 
0.10181993593308665 0.0577405473373091 0.5876696021018881 0.028689622743659868 0.08978242891872669 0.032508321550389616 0.04739345727987286 0.054396084135067364 
0.1576587686272915 0.07931432797455626 0.47412718237594925 0.09114340803176371 0.062070831024393175 0.07543789935626434 0.040459419486215266 0.019788163123566502 
0.06538003221812434 0.1804944922488815 0.3960348041060429 0.21406214158663847 0.051724975838215226 0.03082192817188746 0.05554937481325106 0.00593225101695899 
0.11243286809588823 0.059073903899709124 0.5480194156977267 0.07445737008973269 0.05627689473626834 0.05523133720585071 0.08705478755375574 0.00745342272106857 
0.10528738228743664 0.053951430976847 0.6187430489656591 0.03547500924481123 0.11895235336224534 0.015629472186191623 0.04798469514110816 0.0039766078357008185 
0.18623748644969462 0.06759185448872361 0.5872473756749899 0.01600296869690424 0.06969310315871731 0.012376408810143987 0.046821313550688 0.014029489170138564 
0.0753021009811868 0.07975336225833624 0.5930835717198664 0.0827155693645554 0.055479550027400536 0.02754368742502883 0.07482438817803959 0.011297770045586342 
0.08249420439530786 0.06618435193595111 0.629642054433109 0.07258382792257675 0.06911091459985927 0.026941555619436425 0.04412908519168866 0.008914005902070785 
0.11705702510860412 0.08288682556860977 0.5740324359398026 0.042519641640857454 0.0748359283466509 0.0179170932794253 0.059238158850351635 0.03151289126569821 
0.10883867919218083 0.08630025634376892 0.49137208838555063 0.1275192932076981 0.0795491070772593 0.0443088209175986 0.05703271831686911 0.005079036559074529 
0.08119333610474067 0.1526499896538954 0.4119574608306766 0.07734802103679933 0.08970641781025132 0.06102450947503466 0.0785381586299284 0.047582106458673626 
0.15844743912537645 0.05534992527338669 0.6004430885323085 0.037225409660535766 0.06360993503198231 0.022705154612402557 0.05304497886598087 0.009174068898026617 
0.1808437264866672 0.10737098358205742 0.44892973045202744 0.06650358067571861 0.10218828017178568 0.020527259021280126 0.055214668015649206 0.018421771594814295 
0.09079655314573773 0.11334257971034584 0.5356338463040368 0.13133449131066233 0.050636589578496254 0.033110913192999594 0.03287661202143273 0.012268414736288709 
0.1517880681123117 0.06818120854968863 0.5266947054013108 0.03886354981564927 0.08437239606939763 0.019680738977474466 0.08219895013095996 0.028220382943207428 
0.18108306181798833 0.038834004397477404 0.5668505905327799 0.017684350057647857 0.07184518788206565 0.016590820540942526 0.07756747617471652 0.029544508596381948 
0.18039724876771446 0.08863585352423381 0.5280446357450563 0.04598457260075856 0.053432102137072106 0.027597453161632132 0.06546649992321035 0.010441634140322157 
0.07023600756323418 0.09813786839050445 0.554563304255699 0.13476427428616533 0.029471917139615555 0.072265563912848 0.034229820569950026 0.006331243881983417 
0.0588908357284841 0.11708126316375701 0.5824936744772977 0.055270665313391726 0.06403873689684063 0.08589139341056848 0.020811580880038226 0.015521850129622147 
0.07188567565346765 0.11013567466579284 0.512517902428551 0.13052435628330517 0.022701990121866272 0.09618652284977472 0.05081614641294838 0.005231731584294026 
0.17514264951765277 0.08041911879541079 0.5637311702462102 0.04286292138284609 0.039182866965647045 0.026812024218325743 0.0453319174640137 0.026517331409893485 
0.18964564483261226 0.09511013093081559 0.42990152898803524 0.05297598780575844 0.10525729230314973 0.03001920598100571 0.06958729581110766 0.027502913347515364 
0.14658969439706232 0.0691359878118231 0.5757808204890261 0.05507275581094178 0.05261045657281872 0.026400240456902167 0.059722611782644416 0.014687432678781448 
0.14455334636109118 0.1443463896057706 0.411399507268779 0.07684429360697666 0.07506774831745912 0.046769992685636495 0.08190293319637933 0.019115788957907647 
0.13177519126100318 0.06814400613392987 0.47084388675656136 0.15019923564282947 0.08619629278992716 0.027015098343733557 0.04069831733846717 0.025127971733548398 
0.12237030125001369 0.04843277175716492 0.5996980602892928 0.06586124571480924 0.05880350939305014 0.020573852135950255 0.07734017759040968 0.006920081869309199 
0.1431746895530897 0.06849108520011961 0.5738078050016779 0.05898565018392517 0.07087948424761464 0.027492355203455714 0.04746027437780528 0.00970865623231204 
0.10811844606162671 0.05911829536516176 0.46648312661502067 0.16309964633665586 0.08552163877362859 0.04322467309238013 0.05778322233049652 0.0166509514250297 
0.09571230168217248 0.021230538168014516 0.433015443448517 0.09371730262286944 0.01844807145782608 0.07959880744635796 0.254703989594339 0.003573545579903413 
0.08182865165433402 0.06113968158060233 0.4804279319600866 0.16594282211078404 0.05788457355863436 0.04967311025110085 0.0989404886752576 0.004162740209200142 
