0.5551948051948052 0.003246753246753247 0.16558441558441556 0.003246753246753247 0.03571428571428572 0.003246753246753247 0.03571428571428572 0.19805194805194803
0.030726256983240222 0.0027932960893854745 0.0027932960893854745 0.0027932960893854745 0.058659217877094966 0.0027932960893854745 0.5335195530726257 0.3659217877094971
0.06426332288401253 0.2680250783699059 0.18965517241379307 0.032915360501567396 0.0015673981191222568 0.017241379310344827 0.017241379310344827 0.40909090909090906
0.0030487804878048777 0.0030487804878048777 0.0945121951219512 0.0030487804878048777 0.15548780487804875 0.06402439024390243 0.0030487804878048777 0.673780487804878
0.0037313432835820895 0.0037313432835820895 0.0037313432835820895 0.0037313432835820895 0.0037313432835820895 0.15298507462686564 0.0037313432835820895 0.8246268656716418
0.005952380952380954 0.24404761904761907 0.24404761904761907 0.005952380952380954 0.005952380952380954 0.005952380952380954 0.005952380952380954 0.4821428571428572
0.10064935064935064 0.03571428571428571 0.0032467532467532465 0.0032467532467532465 0.0032467532467532465 0.0032467532467532465 0.26298701298701294 0.5876623376623377
0.004201680672268908 0.004201680672268908 0.004201680672268908 0.3403361344537815 0.13025210084033614 0.13025210084033614 0.004201680672268908 0.3823529411764706
0.004201680672268908 0.004201680672268908 0.004201680672268908 0.004201680672268908 0.4663865546218488 0.004201680672268908 0.004201680672268908 0.5084033613445379
0.1474820143884892 0.003597122302158274 0.003597122302158274 0.003597122302158274 0.003597122302158274 0.003597122302158274 0.4712230215827338 0.36330935251798563
0.08201058201058202 0.002645502645502646 0.2671957671957672 0.1349206349206349 0.1349206349206349 0.002645502645502646 0.002645502645502646 0.373015873015873
0.0028735632183908046 0.0028735632183908046 0.0028735632183908046 0.17528735632183906 0.0028735632183908046 0.11781609195402297 0.0028735632183908046 0.6925287356321839
0.00403225806451613 0.00403225806451613 0.6088709677419355 0.00403225806451613 0.00403225806451613 0.04435483870967743 0.00403225806451613 0.3266129032258065
0.002645502645502646 0.1349206349206349 0.16137566137566137 0.002645502645502646 0.002645502645502646 0.002645502645502646 0.05555555555555556 0.6375661375661377
0.003875968992248063 0.35271317829457366 0.04263565891472869 0.003875968992248063 0.04263565891472869 0.003875968992248063 0.003875968992248063 0.5465116279069768
0.002645502645502646 0.002645502645502646 0.3201058201058201 0.10846560846560846 0.10846560846560846 0.002645502645502646 0.002645502645502646 0.45238095238095244
0.0035971223021582736 0.0035971223021582736 0.14748201438848918 0.0035971223021582736 0.0035971223021582736 0.0035971223021582736 0.7949640287769785 0.03956834532374101
0.0045871559633027525 0.05045871559633028 0.0045871559633027525 0.0045871559633027525 0.0045871559633027525 0.0045871559633027525 0.14220183486238533 0.7844036697247707
0.1711409395973154 0.003355704697986577 0.003355704697986577 0.003355704697986577 0.003355704697986577 0.003355704697986577 0.03691275167785235 0.7751677852348994
0.003597122302158274 0.18345323741007194 0.003597122302158274 0.003597122302158274 0.003597122302158274 0.18345323741007194 0.1474820143884892 0.4712230215827338
0.004201680672268907 0.004201680672268907 0.17226890756302518 0.004201680672268907 0.004201680672268907 0.004201680672268907 0.004201680672268907 0.8025210084033614
0.150887573964497 0.0029585798816568047 0.0029585798816568047 0.0029585798816568047 0.0029585798816568047 0.0029585798816568047 0.03254437869822485 0.8017751479289941
0.004587155963302753 0.050458715596330285 0.14220183486238536 0.004587155963302753 0.004587155963302753 0.23394495412844038 0.004587155963302753 0.555045871559633
0.0032467532467532474 0.0032467532467532474 0.06818181818181819 0.29545454545454547 0.0032467532467532474 0.0032467532467532474 0.4902597402597403 0.1331168831168831
0.48684210526315796 0.004385964912280702 0.004385964912280702 0.004385964912280702 0.004385964912280702 0.17982456140350878 0.004385964912280702 0.31140350877192985
0.004385964912280702 0.04824561403508773 0.17982456140350878 0.17982456140350878 0.004385964912280702 0.004385964912280702 0.1359649122807018 0.4429824561403509
0.0027932960893854745 0.0027932960893854745 0.08659217877094971 0.0027932960893854745 0.030726256983240222 0.030726256983240222 0.030726256983240222 0.8128491620111731
0.003246753246753247 0.003246753246753247 0.03571428571428572 0.003246753246753247 0.10064935064935066 0.003246753246753247 0.03571428571428572 0.814935064935065
0.0037313432835820903 0.0037313432835820903 0.22761194029850748 0.0037313432835820903 0.0037313432835820903 0.0037313432835820903 0.48880597014925375 0.26492537313432835
0.003246753246753247 0.003246753246753247 0.16558441558441556 0.003246753246753247 0.003246753246753247 0.06818181818181818 0.03571428571428572 0.7175324675324676
0.3389261744966443 0.0033557046979865775 0.0033557046979865775 0.03691275167785236 0.0033557046979865775 0.10402684563758391 0.0033557046979865775 0.5067114093959731
0.0027932960893854754 0.0027932960893854754 0.0027932960893854754 0.28212290502793297 0.0027932960893854754 0.0027932960893854754 0.0027932960893854754 0.7011173184357543
0.005952380952380952 0.005952380952380952 0.005952380952380952 0.005952380952380952 0.005952380952380952 0.005952380952380952 0.005952380952380952 0.9583333333333334
0.0026455026455026454 0.0026455026455026454 0.0026455026455026454 0.0026455026455026454 0.13492063492063489 0.0026455026455026454 0.21428571428571425 0.6375661375661376
0.0033557046979865775 0.0033557046979865775 0.0033557046979865775 0.20469798657718122 0.0033557046979865775 0.0033557046979865775 0.4731543624161074 0.3053691275167785
0.0037313432835820895 0.0037313432835820895 0.0037313432835820895 0.0037313432835820895 0.0037313432835820895 0.26492537313432835 0.0037313432835820895 0.7126865671641791
0.0031446540880503146 0.0031446540880503146 0.0031446540880503146 0.0031446540880503146 0.1289308176100629 0.0031446540880503146 0.0031446540880503146 0.8522012578616353
0.0030487804878048777 0.0030487804878048777 0.0030487804878048777 0.0030487804878048777 0.0030487804878048777 0.0030487804878048777 0.5213414634146342 0.4603658536585365
0.0028735632183908046 0.0028735632183908046 0.03160919540229885 0.08908045977011493 0.3189655172413793 0.03160919540229885 0.0028735632183908046 0.5201149425287356
0.0030487804878048777 0.0030487804878048777 0.0030487804878048777 0.0030487804878048777 0.0030487804878048777 0.27743902439024387 0.12499999999999997 0.5823170731707317
0.002512562814070352 0.002512562814070352 0.002512562814070352 0.002512562814070352 0.052763819095477386 0.002512562814070352 0.17839195979899494 0.7562814070351759
0.002512562814070352 0.052763819095477386 0.027638190954773868 0.002512562814070352 0.17839195979899494 0.002512562814070352 0.0778894472361809 0.6557788944723618
0.004807692307692308 0.19711538461538458 0.004807692307692308 0.004807692307692308 0.004807692307692308 0.004807692307692308 0.004807692307692308 0.7740384615384616
0.125 0.002450980392156863 0.002450980392156863 0.10049019607843138 0.002450980392156863 0.002450980392156863 0.002450980392156863 0.7622549019607844
0.24404761904761907 0.005952380952380954 0.005952380952380954 0.005952380952380954 0.005952380952380954 0.005952380952380954 0.005952380952380954 0.7202380952380953
0.0035971223021582736 0.0035971223021582736 0.03956834532374101 0.0035971223021582736 0.2553956834532374 0.07553956834532374 0.03956834532374101 0.5791366906474821
0.592436974789916 0.004201680672268908 0.004201680672268908 0.004201680672268908 0.2142857142857143 0.004201680672268908 0.004201680672268908 0.1722689075630252
0.14655172413793105 0.002873563218390805 0.4626436781609196 0.08908045977011496 0.002873563218390805 0.08908045977011496 0.002873563218390805 0.20402298850574713
0.0034722222222222225 0.17708333333333331 0.21180555555555552 0.0034722222222222225 0.0034722222222222225 0.0034722222222222225 0.0034722222222222225 0.59375
0.0034722222222222225 0.0034722222222222225 0.1423611111111111 0.0034722222222222225 0.0034722222222222225 0.03819444444444445 0.21180555555555552 0.59375
0.21180555555555552 0.07291666666666667 0.0034722222222222225 0.1423611111111111 0.0034722222222222225 0.0034722222222222225 0.0034722222222222225 0.5590277777777778
0.003875968992248063 0.12015503875968994 0.35271317829457366 0.003875968992248063 0.003875968992248063 0.003875968992248063 0.003875968992248063 0.5077519379844961
0.0037313432835820895 0.0037313432835820895 0.0037313432835820895 0.0037313432835820895 0.0037313432835820895 0.0037313432835820895 0.0037313432835820895 0.9738805970149254
0.003355704697986577 0.03691275167785235 0.003355704697986577 0.003355704697986577 0.003355704697986577 0.003355704697986577 0.23825503355704697 0.7080536912751678
0.2142857142857143 0.004201680672268908 0.004201680672268908 0.3403361344537815 0.004201680672268908 0.004201680672268908 0.004201680672268908 0.4243697478991597
0.003875968992248062 0.003875968992248062 0.04263565891472868 0.23643410852713176 0.003875968992248062 0.003875968992248062 0.08139534883720931 0.624031007751938
0.07989690721649485 0.0025773195876288664 0.20876288659793815 0.0025773195876288664 0.0025773195876288664 0.15721649484536082 0.0025773195876288664 0.5438144329896908
0.03956834532374101 0.003597122302158274 0.003597122302158274 0.003597122302158274 0.39928057553956836 0.003597122302158274 0.1474820143884892 0.39928057553956836
0.007812500000000002 0.007812500000000002 0.007812500000000002 0.007812500000000002 0.007812500000000002 0.007812500000000002 0.007812500000000002 0.9453125
0.0034722222222222225 0.0034722222222222225 0.0034722222222222225 0.0034722222222222225 0.0034722222222222225 0.24652777777777776 0.0034722222222222225 0.732638888888889
0.43959731543624164 0.03691275167785236 0.0033557046979865775 0.0033557046979865775 0.0033557046979865775 0.0033557046979865775 0.0033557046979865775 0.5067114093959731
0.06603773584905662 0.003144654088050315 0.4748427672955975 0.003144654088050315 0.003144654088050315 0.003144654088050315 0.034591194968553465 0.4119496855345912
0.003355704697986577 0.2046979865771812 0.003355704697986577 0.03691275167785235 0.003355704697986577 0.003355704697986577 0.003355704697986577 0.7416107382550335
0.04263565891472869 0.003875968992248063 0.003875968992248063 0.003875968992248063 0.35271317829457366 0.003875968992248063 0.003875968992248063 0.5852713178294574
0.21180555555555552 0.17708333333333331 0.0034722222222222225 0.0034722222222222225 0.0034722222222222225 0.0034722222222222225 0.0034722222222222225 0.59375
0.13926940639269403 0.3904109589041096 0.00228310502283105 0.00228310502283105 0.00228310502283105 0.00228310502283105 0.00228310502283105 0.4589041095890411
0.08401639344262293 0.0020491803278688526 0.0020491803278688526 0.022540983606557378 0.18647540983606556 0.0020491803278688526 0.18647540983606556 0.5143442622950819
0.06426332288401253 0.001567398119122257 0.0799373040752351 0.001567398119122257 0.1896551724137931 0.001567398119122257 0.25235109717868337 0.40909090909090906
0.2965686274509804 0.05147058823529412 0.002450980392156863 0.002450980392156863 0.1985294117647059 0.1985294117647059 0.002450980392156863 0.24754901960784315
0.052884615384615384 0.004807692307692308 0.004807692307692308 0.004807692307692308 0.004807692307692308 0.004807692307692308 0.004807692307692308 0.9182692307692308
0.45149253731343286 0.0037313432835820903 0.0037313432835820903 0.3395522388059702 0.0037313432835820903 0.0037313432835820903 0.0037313432835820903 0.19029850746268656
0.002136752136752137 0.002136752136752137 0.04487179487179488 0.2799145299145299 0.002136752136752137 0.002136752136752137 0.2371794871794872 0.42948717948717957
0.6111111111111112 0.005050505050505052 0.005050505050505052 0.10606060606060608 0.005050505050505052 0.005050505050505052 0.005050505050505052 0.25757575757575757
0.004032258064516129 0.004032258064516129 0.004032258064516129 0.004032258064516129 0.004032258064516129 0.004032258064516129 0.004032258064516129 0.9717741935483871
0.09633027522935782 0.18807339449541285 0.18807339449541285 0.004587155963302753 0.18807339449541285 0.14220183486238536 0.004587155963302753 0.18807339449541285
0.003875968992248062 0.003875968992248062 0.003875968992248062 0.003875968992248062 0.003875968992248062 0.003875968992248062 0.003875968992248062 0.9728682170542636
0.00403225806451613 0.2056451612903226 0.3266129032258065 0.04435483870967743 0.00403225806451613 0.00403225806451613 0.00403225806451613 0.40725806451612906
0.003875968992248062 0.003875968992248062 0.003875968992248062 0.003875968992248062 0.19767441860465115 0.003875968992248062 0.04263565891472868 0.7403100775193798
0.002645502645502646 0.373015873015873 0.08201058201058202 0.002645502645502646 0.029100529100529106 0.10846560846560846 0.002645502645502646 0.3994708994708995
0.06352459016393443 0.12499999999999999 0.0430327868852459 0.0020491803278688526 0.0020491803278688526 0.0020491803278688526 0.08401639344262293 0.6782786885245902
0.17982456140350878 0.004385964912280702 0.004385964912280702 0.31140350877192985 0.004385964912280702 0.004385964912280702 0.004385964912280702 0.48684210526315796
0.2142857142857143 0.004201680672268908 0.5084033613445379 0.004201680672268908 0.004201680672268908 0.004201680672268908 0.004201680672268908 0.2563025210084034
0.0026455026455026454 0.0026455026455026454 0.13492063492063489 0.0026455026455026454 0.16137566137566134 0.0026455026455026454 0.0026455026455026454 0.6904761904761905
0.004807692307692309 0.19711538461538464 0.004807692307692309 0.34134615384615385 0.0528846153846154 0.004807692307692309 0.004807692307692309 0.389423076923077
0.0045871559633027525 0.0045871559633027525 0.0045871559633027525 0.0045871559633027525 0.0045871559633027525 0.0045871559633027525 0.23394495412844035 0.7385321100917431
0.0033557046979865775 0.0033557046979865775 0.0033557046979865775 0.4731543624161074 0.0033557046979865775 0.0033557046979865775 0.0033557046979865775 0.5067114093959731
0.003875968992248063 0.003875968992248063 0.19767441860465118 0.4302325581395349 0.003875968992248063 0.003875968992248063 0.003875968992248063 0.35271317829457366
0.10846560846560846 0.002645502645502646 0.24074074074074076 0.002645502645502646 0.16137566137566137 0.002645502645502646 0.4788359788359789 0.002645502645502646
0.00228310502283105 0.02511415525114155 0.00228310502283105 0.07077625570776255 0.8470319634703196 0.04794520547945205 0.00228310502283105 0.00228310502283105
0.5488505747126438 0.002873563218390805 0.1752873563218391 0.002873563218390805 0.060344827586206906 0.031609195402298854 0.1752873563218391 0.002873563218390805
0.0027173913043478264 0.5190217391304348 0.13858695652173914 0.0027173913043478264 0.0027173913043478264 0.13858695652173914 0.0027173913043478264 0.19293478260869565
0.0023364485981308414 0.0023364485981308414 0.1191588785046729 0.1425233644859813 0.1658878504672897 0.3060747663551402 0.25934579439252337 0.0023364485981308414
0.002717391304347826 0.11141304347826085 0.002717391304347826 0.002717391304347826 0.6820652173913043 0.1385869565217391 0.057065217391304345 0.002717391304347826
0.005952380952380952 0.9583333333333334 0.005952380952380952 0.005952380952380952 0.005952380952380952 0.005952380952380952 0.005952380952380952 0.005952380952380952
0.0027173913043478264 0.4103260869565218 0.13858695652173914 0.0027173913043478264 0.1657608695652174 0.02989130434782609 0.2472826086956522 0.0027173913043478264
0.004587155963302753 0.23394495412844038 0.371559633027523 0.004587155963302753 0.18807339449541285 0.18807339449541285 0.004587155963302753 0.004587155963302753
0.48880597014925375 0.0037313432835820903 0.0037313432835820903 0.04104477611940299 0.0037313432835820903 0.04104477611940299 0.41417910447761197 0.0037313432835820903
0.3552631578947369 0.618421052631579 0.004385964912280702 0.004385964912280702 0.004385964912280702 0.004385964912280702 0.004385964912280702 0.004385964912280702
0.003597122302158274 0.003597122302158274 0.21942446043165467 0.003597122302158274 0.003597122302158274 0.003597122302158274 0.4352517985611511 0.3273381294964029
0.2364341085271318 0.4302325581395349 0.003875968992248063 0.313953488372093 0.003875968992248063 0.003875968992248063 0.003875968992248063 0.003875968992248063
0.5091743119266056 0.27981651376146793 0.18807339449541285 0.004587155963302753 0.004587155963302753 0.004587155963302753 0.004587155963302753 0.004587155963302753
0.12499999999999999 0.004032258064516129 0.004032258064516129 0.004032258064516129 0.004032258064516129 0.004032258064516129 0.8508064516129031 0.004032258064516129
0.6007462686567164 0.0037313432835820895 0.041044776119402986 0.0037313432835820895 0.07835820895522388 0.07835820895522388 0.19029850746268656 0.0037313432835820895
0.0037313432835820903 0.0037313432835820903 0.19029850746268656 0.15298507462686567 0.0037313432835820903 0.0037313432835820903 0.5634328358208955 0.0783582089552239
0.0037313432835820903 0.15298507462686567 0.0037313432835820903 0.0037313432835820903 0.48880597014925375 0.0037313432835820903 0.0037313432835820903 0.3395522388059702
0.003875968992248062 0.003875968992248062 0.15891472868217052 0.003875968992248062 0.003875968992248062 0.003875968992248062 0.8178294573643411 0.003875968992248062
0.2971014492753623 0.3695652173913043 0.2971014492753623 0.007246376811594204 0.007246376811594204 0.007246376811594204 0.007246376811594204 0.007246376811594204
0.17708333333333334 0.48958333333333337 0.003472222222222223 0.31597222222222227 0.003472222222222223 0.003472222222222223 0.003472222222222223 0.003472222222222223
0.003875968992248063 0.04263565891472869 0.04263565891472869 0.2364341085271318 0.003875968992248063 0.003875968992248063 0.46899224806201556 0.19767441860465118
0.00403225806451613 0.16532258064516128 0.00403225806451613 0.00403225806451613 0.12500000000000003 0.2056451612903226 0.4879032258064517 0.00403225806451613
0.14903846153846156 0.19711538461538464 0.004807692307692309 0.004807692307692309 0.19711538461538464 0.004807692307692309 0.43750000000000006 0.004807692307692309
0.004201680672268908 0.004201680672268908 0.004201680672268908 0.004201680672268908 0.1722689075630252 0.1722689075630252 0.6344537815126051 0.004201680672268908
0.19711538461538458 0.7740384615384616 0.004807692307692308 0.004807692307692308 0.004807692307692308 0.004807692307692308 0.004807692307692308 0.004807692307692308
0.48684210526315796 0.004385964912280702 0.48684210526315796 0.004385964912280702 0.004385964912280702 0.004385964912280702 0.004385964912280702 0.004385964912280702
0.004587155963302753 0.004587155963302753 0.050458715596330285 0.32568807339449546 0.004587155963302753 0.27981651376146793 0.32568807339449546 0.004587155963302753
0.0032467532467532465 0.0032467532467532465 0.0032467532467532465 0.8798701298701298 0.0032467532467532465 0.03571428571428571 0.0032467532467532465 0.06818181818181818
0.011363636363636366 0.9204545454545455 0.011363636363636366 0.011363636363636366 0.011363636363636366 0.011363636363636366 0.011363636363636366 0.011363636363636366
0.003246753246753247 0.262987012987013 0.10064935064935066 0.003246753246753247 0.003246753246753247 0.003246753246753247 0.6201298701298702 0.003246753246753247
0.17982456140350878 0.004385964912280702 0.004385964912280702 0.662280701754386 0.1359649122807018 0.004385964912280702 0.004385964912280702 0.004385964912280702
0.003472222222222223 0.10763888888888891 0.10763888888888891 0.4201388888888889 0.003472222222222223 0.21180555555555555 0.003472222222222223 0.1423611111111111
0.42261904761904767 0.18452380952380956 0.005952380952380954 0.24404761904761907 0.005952380952380954 0.12500000000000003 0.005952380952380954 0.005952380952380954
0.713235294117647 0.12499999999999997 0.0024509803921568627 0.12499999999999997 0.026960784313725488 0.0024509803921568627 0.0024509803921568627 0.0024509803921568627
0.003875968992248063 0.5852713178294574 0.003875968992248063 0.3914728682170543 0.003875968992248063 0.003875968992248063 0.003875968992248063 0.003875968992248063
0.004201680672268908 0.004201680672268908 0.592436974789916 0.004201680672268908 0.29831932773109243 0.08823529411764708 0.004201680672268908 0.004201680672268908
0.10763888888888891 0.003472222222222223 0.48958333333333337 0.07291666666666667 0.003472222222222223 0.003472222222222223 0.003472222222222223 0.31597222222222227
0.005617977528089889 0.6797752808988765 0.2865168539325843 0.005617977528089889 0.005617977528089889 0.005617977528089889 0.005617977528089889 0.005617977528089889
0.20402298850574713 0.002873563218390805 0.002873563218390805 0.11781609195402298 0.3764367816091954 0.002873563218390805 0.002873563218390805 0.29022988505747127
0.3060747663551402 0.2827102803738318 0.352803738317757 0.0023364485981308414 0.0023364485981308414 0.0023364485981308414 0.0023364485981308414 0.04906542056074767
0.0783582089552239 0.0037313432835820903 0.15298507462686567 0.19029850746268656 0.0037313432835820903 0.0037313432835820903 0.5634328358208955 0.0037313432835820903
0.005617977528089889 0.005617977528089889 0.005617977528089889 0.005617977528089889 0.11797752808988766 0.005617977528089889 0.8483146067415731 0.005617977528089889
0.006329113924050634 0.006329113924050634 0.006329113924050634 0.006329113924050634 0.006329113924050634 0.006329113924050634 0.9556962025316457 0.006329113924050634
0.0056179775280898875 0.0056179775280898875 0.0056179775280898875 0.0056179775280898875 0.0056179775280898875 0.0056179775280898875 0.9606741573033708 0.0056179775280898875
0.8309352517985612 0.14748201438848918 0.0035971223021582736 0.0035971223021582736 0.0035971223021582736 0.0035971223021582736 0.0035971223021582736 0.0035971223021582736
0.9062499999999999 0.003472222222222222 0.003472222222222222 0.003472222222222222 0.003472222222222222 0.003472222222222222 0.07291666666666666 0.003472222222222222
0.32792207792207795 0.0032467532467532474 0.23051948051948054 0.0032467532467532474 0.0032467532467532474 0.0032467532467532474 0.4253246753246753 0.0032467532467532474
0.10301507537688442 0.10301507537688442 0.0025125628140703522 0.027638190954773875 0.027638190954773875 0.3040201005025126 0.42964824120603023 0.0025125628140703522
0.37248322147651003 0.6073825503355705 0.003355704697986577 0.003355704697986577 0.003355704697986577 0.003355704697986577 0.003355704697986577 0.003355704697986577
0.04435483870967742 0.004032258064516129 0.004032258064516129 0.004032258064516129 0.004032258064516129 0.004032258064516129 0.9314516129032259 0.004032258064516129
0.0037313432835820895 0.0037313432835820895 0.15298507462686564 0.0037313432835820895 0.0037313432835820895 0.0037313432835820895 0.7873134328358209 0.041044776119402986
0.10763888888888891 0.48958333333333337 0.003472222222222223 0.003472222222222223 0.17708333333333334 0.003472222222222223 0.21180555555555555 0.003472222222222223
0.4577922077922078 0.29545454545454547 0.16558441558441558 0.0032467532467532474 0.0032467532467532474 0.06818181818181819 0.0032467532467532474 0.0032467532467532474
0.0032467532467532474 0.4253246753246753 0.4253246753246753 0.0032467532467532474 0.0032467532467532474 0.0032467532467532474 0.0032467532467532474 0.1331168831168831
0.4407216494845361 0.0025773195876288664 0.0025773195876288664 0.20876288659793815 0.02835051546391753 0.054123711340206195 0.2345360824742268 0.02835051546391753
0.007812500000000002 0.6328125000000001 0.007812500000000002 0.007812500000000002 0.007812500000000002 0.007812500000000002 0.32031250000000006 0.007812500000000002
0.004587155963302753 0.46330275229357804 0.004587155963302753 0.004587155963302753 0.004587155963302753 0.004587155963302753 0.5091743119266056 0.004587155963302753
0.004385964912280702 0.3552631578947369 0.004385964912280702 0.004385964912280702 0.5745614035087719 0.004385964912280702 0.04824561403508773 0.004385964912280702
0.0037313432835820903 0.0037313432835820903 0.45149253731343286 0.0037313432835820903 0.0783582089552239 0.0037313432835820903 0.45149253731343286 0.0037313432835820903
0.005952380952380954 0.24404761904761907 0.24404761904761907 0.005952380952380954 0.005952380952380954 0.005952380952380954 0.005952380952380954 0.4821428571428572
0.8087248322147651 0.003355704697986577 0.003355704697986577 0.003355704697986577 0.003355704697986577 0.003355704697986577 0.1711409395973154 0.003355704697986577
0.007812500000000002 0.9453125 0.007812500000000002 0.007812500000000002 0.007812500000000002 0.007812500000000002 0.007812500000000002 0.007812500000000002
0.60062893081761 0.0660377358490566 0.003144654088050314 0.2547169811320754 0.0660377358490566 0.003144654088050314 0.003144654088050314 0.003144654088050314
0.004807692307692309 0.19711538461538464 0.004807692307692309 0.004807692307692309 0.19711538461538464 0.14903846153846156 0.43750000000000006 0.004807692307692309
0.007812500000000002 0.32031250000000006 0.007812500000000002 0.007812500000000002 0.007812500000000002 0.007812500000000002 0.32031250000000006 0.32031250000000006
0.007812500000000002 0.32031250000000006 0.32031250000000006 0.007812500000000002 0.007812500000000002 0.007812500000000002 0.007812500000000002 0.32031250000000006
0.0037313432835820895 0.19029850746268656 0.0037313432835820895 0.07835820895522388 0.6753731343283582 0.0037313432835820895 0.041044776119402986 0.0037313432835820895
0.004587155963302753 0.23394495412844038 0.004587155963302753 0.004587155963302753 0.371559633027523 0.004587155963302753 0.23394495412844038 0.14220183486238536
0.2056451612903226 0.04435483870967743 0.528225806451613 0.04435483870967743 0.00403225806451613 0.00403225806451613 0.08467741935483872 0.08467741935483872
0.003597122302158274 0.1474820143884892 0.003597122302158274 0.003597122302158274 0.39928057553956836 0.003597122302158274 0.4352517985611511 0.003597122302158274
0.5091743119266056 0.46330275229357804 0.004587155963302753 0.004587155963302753 0.004587155963302753 0.004587155963302753 0.004587155963302753 0.004587155963302753
0.011363636363636366 0.46590909090909094 0.011363636363636366 0.011363636363636366 0.011363636363636366 0.46590909090909094 0.011363636363636366 0.011363636363636366
0.2675438596491228 0.004385964912280702 0.4429824561403509 0.004385964912280702 0.004385964912280702 0.004385964912280702 0.2675438596491228 0.004385964912280702
0.003875968992248063 0.003875968992248063 0.12015503875968994 0.5465116279069768 0.313953488372093 0.003875968992248063 0.003875968992248063 0.003875968992248063
0.0037313432835820903 0.22761194029850748 0.0037313432835820903 0.0037313432835820903 0.26492537313432835 0.3768656716417911 0.04104477611940299 0.0783582089552239
0.0033557046979865775 0.0033557046979865775 0.3389261744966443 0.43959731543624164 0.0033557046979865775 0.20469798657718122 0.0033557046979865775 0.0033557046979865775
0.005617977528089889 0.6235955056179776 0.005617977528089889 0.2865168539325843 0.005617977528089889 0.061797752808988776 0.005617977528089889 0.005617977528089889
0.22327044025157233 0.4119496855345912 0.1289308176100629 0.003144654088050315 0.003144654088050315 0.22327044025157233 0.003144654088050315 0.003144654088050315
0.004201680672268908 0.004201680672268908 0.004201680672268908 0.2563025210084034 0.4243697478991597 0.004201680672268908 0.29831932773109243 0.004201680672268908
0.5876623376623377 0.003246753246753247 0.003246753246753247 0.003246753246753247 0.10064935064935066 0.003246753246753247 0.2954545454545454 0.003246753246753247
0.0034722222222222225 0.0034722222222222225 0.8020833333333334 0.17708333333333331 0.0034722222222222225 0.0034722222222222225 0.0034722222222222225 0.0034722222222222225
0.0025125628140703522 0.0025125628140703522 0.37939698492462315 0.0025125628140703522 0.0025125628140703522 0.15326633165829145 0.42964824120603023 0.027638190954773875
0.3403361344537815 0.004201680672268908 0.2142857142857143 0.004201680672268908 0.004201680672268908 0.004201680672268908 0.4243697478991597 0.004201680672268908
0.004201680672268908 0.004201680672268908 0.004201680672268908 0.004201680672268908 0.004201680672268908 0.1722689075630252 0.4243697478991597 0.3823529411764706
0.00403225806451613 0.40725806451612906 0.00403225806451613 0.00403225806451613 0.04435483870967743 0.00403225806451613 0.528225806451613 0.00403225806451613
0.004201680672268908 0.004201680672268908 0.2142857142857143 0.592436974789916 0.004201680672268908 0.004201680672268908 0.1722689075630252 0.004201680672268908
0.2862903225806452 0.00403225806451613 0.08467741935483872 0.00403225806451613 0.00403225806451613 0.00403225806451613 0.04435483870967743 0.5685483870967742
0.12015503875968994 0.04263565891472869 0.003875968992248063 0.003875968992248063 0.2364341085271318 0.003875968992248063 0.2751937984496124 0.313953488372093
0.40725806451612906 0.00403225806451613 0.00403225806451613 0.04435483870967743 0.04435483870967743 0.00403225806451613 0.36693548387096775 0.12500000000000003
0.026960784313725495 0.002450980392156863 0.39460784313725494 0.002450980392156863 0.2720588235294118 0.14950980392156862 0.14950980392156862 0.002450980392156863
0.027638190954773875 0.0025125628140703522 0.6306532663316584 0.10301507537688442 0.17839195979899497 0.027638190954773875 0.027638190954773875 0.0025125628140703522
0.004587155963302753 0.004587155963302753 0.004587155963302753 0.004587155963302753 0.18807339449541285 0.004587155963302753 0.46330275229357804 0.32568807339449546
0.004385964912280702 0.004385964912280702 0.004385964912280702 0.4429824561403509 0.004385964912280702 0.17982456140350878 0.3552631578947369 0.004385964912280702
0.005050505050505052 0.005050505050505052 0.3080808080808081 0.1565656565656566 0.1565656565656566 0.005050505050505052 0.005050505050505052 0.3585858585858586
0.004807692307692309 0.004807692307692309 0.14903846153846156 0.2932692307692308 0.004807692307692309 0.004807692307692309 0.34134615384615385 0.19711538461538464
0.007246376811594204 0.3695652173913043 0.5869565217391305 0.007246376811594204 0.007246376811594204 0.007246376811594204 0.007246376811594204 0.007246376811594204
0.23051948051948054 0.03571428571428572 0.23051948051948054 0.3928571428571429 0.10064935064935066 0.0032467532467532474 0.0032467532467532474 0.0032467532467532474
0.08467741935483872 0.004032258064516129 0.6895161290322581 0.20564516129032256 0.004032258064516129 0.004032258064516129 0.004032258064516129 0.004032258064516129
0.003144654088050315 0.2861635220125786 0.44339622641509435 0.003144654088050315 0.1289308176100629 0.003144654088050315 0.003144654088050315 0.1289308176100629
0.004032258064516129 0.004032258064516129 0.7298387096774194 0.004032258064516129 0.004032258064516129 0.004032258064516129 0.24596774193548385 0.004032258064516129
0.0034722222222222225 0.0034722222222222225 0.8020833333333334 0.0034722222222222225 0.1423611111111111 0.03819444444444445 0.0034722222222222225 0.0034722222222222225
0.004385964912280702 0.004385964912280702 0.4429824561403509 0.530701754385965 0.004385964912280702 0.004385964912280702 0.004385964912280702 0.004385964912280702
0.004201680672268908 0.004201680672268908 0.4243697478991597 0.004201680672268908 0.004201680672268908 0.3823529411764706 0.004201680672268908 0.1722689075630252
0.005952380952380954 0.005952380952380954 0.4821428571428572 0.005952380952380954 0.005952380952380954 0.005952380952380954 0.4821428571428572 0.005952380952380954
0.0053191489361702135 0.1648936170212766 0.32446808510638303 0.0053191489361702135 0.4308510638297873 0.0053191489361702135 0.058510638297872355 0.0053191489361702135
0.004807692307692309 0.004807692307692309 0.10096153846153848 0.19711538461538464 0.6298076923076924 0.004807692307692309 0.004807692307692309 0.0528846153846154
0.00403225806451613 0.00403225806451613 0.24596774193548387 0.2056451612903226 0.528225806451613 0.00403225806451613 0.00403225806451613 0.00403225806451613
0.35798816568047337 0.002958579881656805 0.2988165680473373 0.1804733727810651 0.062130177514792904 0.002958579881656805 0.09171597633136096 0.002958579881656805
0.0053191489361702135 0.0053191489361702135 0.0053191489361702135 0.0053191489361702135 0.4308510638297873 0.0053191489361702135 0.5372340425531915 0.0053191489361702135
0.004385964912280702 0.17982456140350878 0.2675438596491228 0.004385964912280702 0.530701754385965 0.004385964912280702 0.004385964912280702 0.004385964912280702
0.0037313432835820903 0.0037313432835820903 0.45149253731343286 0.0037313432835820903 0.0037313432835820903 0.0783582089552239 0.45149253731343286 0.0037313432835820903
0.004587155963302753 0.004587155963302753 0.18807339449541285 0.46330275229357804 0.32568807339449546 0.004587155963302753 0.004587155963302753 0.004587155963302753
0.004587155963302753 0.14220183486238536 0.5091743119266056 0.004587155963302753 0.18807339449541285 0.004587155963302753 0.14220183486238536 0.004587155963302753
0.003875968992248063 0.35271317829457366 0.313953488372093 0.12015503875968994 0.003875968992248063 0.003875968992248063 0.19767441860465118 0.003875968992248063
0.08823529411764708 0.004201680672268908 0.04621848739495799 0.004201680672268908 0.592436974789916 0.2563025210084034 0.004201680672268908 0.004201680672268908
0.003597122302158274 0.03956834532374101 0.21942446043165467 0.4712230215827338 0.003597122302158274 0.18345323741007194 0.003597122302158274 0.07553956834532376
0.003472222222222222 0.003472222222222222 0.9062499999999999 0.003472222222222222 0.003472222222222222 0.003472222222222222 0.003472222222222222 0.07291666666666666
0.15298507462686564 0.0037313432835820895 0.6007462686567164 0.0037313432835820895 0.22761194029850745 0.0037313432835820895 0.0037313432835820895 0.0037313432835820895
0.003355704697986577 0.003355704697986577 0.6073825503355705 0.003355704697986577 0.23825503355704697 0.003355704697986577 0.003355704697986577 0.13758389261744966
0.24074074074074076 0.002645502645502646 0.4788359788359789 0.05555555555555556 0.002645502645502646 0.002645502645502646 0.16137566137566137 0.05555555555555556
0.003875968992248063 0.003875968992248063 0.003875968992248063 0.35271317829457366 0.04263565891472869 0.003875968992248063 0.003875968992248063 0.5852713178294574
0.19182389937106917 0.0031446540880503146 0.6320754716981133 0.0031446540880503146 0.0031446540880503146 0.16037735849056603 0.0031446540880503146 0.0031446540880503146
0.0037313432835820895 0.0037313432835820895 0.6007462686567164 0.0037313432835820895 0.376865671641791 0.0037313432835820895 0.0037313432835820895 0.0037313432835820895
0.14748201438848918 0.0035971223021582736 0.6510791366906475 0.0035971223021582736 0.14748201438848918 0.0035971223021582736 0.03956834532374101 0.0035971223021582736
0.0033557046979865767 0.0033557046979865767 0.8758389261744965 0.0033557046979865767 0.0033557046979865767 0.10402684563758388 0.0033557046979865767 0.0033557046979865767
0.007812500000000002 0.007812500000000002 0.32031250000000006 0.007812500000000002 0.6328125000000001 0.007812500000000002 0.007812500000000002 0.007812500000000002
0.005319148936170213 0.005319148936170213 0.8563829787234043 0.05851063829787234 0.05851063829787234 0.005319148936170213 0.005319148936170213 0.005319148936170213
0.18047337278106507 0.0029585798816568047 0.5650887573964497 0.23964497041420113 0.0029585798816568047 0.0029585798816568047 0.0029585798816568047 0.0029585798816568047
0.002450980392156863 0.002450980392156863 0.22303921568627452 0.05147058823529412 0.24754901960784315 0.002450980392156863 0.002450980392156863 0.46813725490196084
0.003246753246753247 0.003246753246753247 0.5227272727272727 0.003246753246753247 0.003246753246753247 0.16558441558441556 0.003246753246753247 0.2954545454545454
0.0063291139240506345 0.0063291139240506345 0.7025316455696203 0.0063291139240506345 0.259493670886076 0.0063291139240506345 0.0063291139240506345 0.0063291139240506345
0.0053191489361702135 0.0053191489361702135 0.696808510638298 0.0053191489361702135 0.0053191489361702135 0.0053191489361702135 0.2712765957446809 0.0053191489361702135
0.389423076923077 0.14903846153846156 0.19711538461538464 0.2451923076923077 0.004807692307692309 0.004807692307692309 0.004807692307692309 0.004807692307692309
0.3914728682170543 0.003875968992248063 0.5852713178294574 0.003875968992248063 0.003875968992248063 0.003875968992248063 0.003875968992248063 0.003875968992248063
0.004807692307692309 0.004807692307692309 0.2451923076923077 0.004807692307692309 0.7259615384615385 0.004807692307692309 0.004807692307692309 0.004807692307692309
0.004385964912280702 0.004385964912280702 0.3552631578947369 0.004385964912280702 0.530701754385965 0.004385964912280702 0.09210526315789475 0.004385964912280702
0.004385964912280702 0.3991228070175439 0.2675438596491228 0.004385964912280702 0.1359649122807018 0.17982456140350878 0.004385964912280702 0.004385964912280702
0.04435483870967742 0.004032258064516129 0.6491935483870969 0.004032258064516129 0.004032258064516129 0.004032258064516129 0.004032258064516129 0.28629032258064513
0.0037313432835820895 0.0037313432835820895 0.6007462686567164 0.041044776119402986 0.0037313432835820895 0.0037313432835820895 0.33955223880597013 0.0037313432835820895
0.5084033613445379 0.004201680672268908 0.1722689075630252 0.004201680672268908 0.13025210084033614 0.004201680672268908 0.004201680672268908 0.1722689075630252
0.0030487804878048777 0.033536585365853654 0.33841463414634143 0.5213414634146342 0.0030487804878048777 0.0030487804878048777 0.0030487804878048777 0.0945121951219512
0.0037313432835820895 0.0037313432835820895 0.6753731343283582 0.30223880597014924 0.0037313432835820895 0.0037313432835820895 0.0037313432835820895 0.0037313432835820895
0.0037313432835820903 0.0037313432835820903 0.3022388059701493 0.15298507462686567 0.45149253731343286 0.0037313432835820903 0.0037313432835820903 0.0783582089552239
0.16558441558441558 0.0032467532467532474 0.06818181818181819 0.0032467532467532474 0.0032467532467532474 0.0032467532467532474 0.3928571428571429 0.3603896103896104
0.36330935251798563 0.003597122302158274 0.003597122302158274 0.07553956834532376 0.4352517985611511 0.003597122302158274 0.11151079136690649 0.003597122302158274
0.0053191489361702135 0.0053191489361702135 0.058510638297872355 0.0053191489361702135 0.3776595744680851 0.21808510638297873 0.0053191489361702135 0.32446808510638303
0.004201680672268908 0.004201680672268908 0.004201680672268908 0.3823529411764706 0.004201680672268908 0.1722689075630252 0.3823529411764706 0.04621848739495799
0.003355704697986577 0.003355704697986577 0.03691275167785235 0.540268456375839 0.1711409395973154 0.003355704697986577 0.003355704697986577 0.23825503355704697
0.004032258064516129 0.004032258064516129 0.6895161290322581 0.004032258064516129 0.28629032258064513 0.004032258064516129 0.004032258064516129 0.004032258064516129
0.09210526315789473 0.0043859649122807015 0.7061403508771931 0.0043859649122807015 0.17982456140350875 0.0043859649122807015 0.0043859649122807015 0.0043859649122807015
0.0053191489361702135 0.0053191489361702135 0.8031914893617023 0.0053191489361702135 0.1648936170212766 0.0053191489361702135 0.0053191489361702135 0.0053191489361702135
0.002958579881656805 0.15088757396449703 0.5650887573964498 0.002958579881656805 0.12130177514792899 0.002958579881656805 0.002958579881656805 0.15088757396449703
0.03819444444444444 0.003472222222222222 0.767361111111111 0.03819444444444444 0.10763888888888888 0.003472222222222222 0.003472222222222222 0.03819444444444444
0.0032467532467532474 0.0032467532467532474 0.3603896103896104 0.4577922077922078 0.0032467532467532474 0.0032467532467532474 0.0032467532467532474 0.16558441558441558
0.0033557046979865775 0.3389261744966443 0.4731543624161074 0.0033557046979865775 0.17114093959731544 0.0033557046979865775 0.0033557046979865775 0.0033557046979865775
