0.0032467532467532474 0.0032467532467532474 0.06818181818181819 0.0032467532467532474 0.23051948051948054 0.0032467532467532474 0.32792207792207795 0.3603896103896104
0.08659217877094971 0.030726256983240222 0.0027932960893854745 0.0027932960893854745 0.3659217877094971 0.0027932960893854745 0.030726256983240222 0.47765363128491617
0.28124999999999994 0.018092105263157892 0.0016447368421052628 0.018092105263157892 0.26480263157894735 0.0016447368421052628 0.0016447368421052628 0.412828947368421
0.0033557046979865775 0.0033557046979865775 0.0033557046979865775 0.0033557046979865775 0.3724832214765101 0.0033557046979865775 0.10402684563758391 0.5067114093959731
0.004201680672268907 0.046218487394957986 0.004201680672268907 0.004201680672268907 0.004201680672268907 0.21428571428571427 0.004201680672268907 0.7184873949579832
0.007246376811594205 0.22463768115942034 0.007246376811594205 0.44202898550724645 0.007246376811594205 0.007246376811594205 0.007246376811594205 0.29710144927536236
0.18345323741007194 0.29136690647482016 0.003597122302158274 0.003597122302158274 0.003597122302158274 0.003597122302158274 0.003597122302158274 0.5071942446043166
0.004201680672268908 0.3403361344537815 0.2142857142857143 0.004201680672268908 0.004201680672268908 0.004201680672268908 0.3403361344537815 0.08823529411764708
0.0528846153846154 0.14903846153846156 0.004807692307692309 0.004807692307692309 0.004807692307692309 0.004807692307692309 0.19711538461538464 0.5817307692307693
0.12500000000000003 0.00403225806451613 0.00403225806451613 0.00403225806451613 0.00403225806451613 0.4879032258064517 0.2862903225806452 0.08467741935483872
0.32107843137254904 0.07598039215686275 0.026960784313725495 0.002450980392156863 0.10049019607843138 0.002450980392156863 0.14950980392156862 0.32107843137254904
0.08908045977011493 0.03160919540229885 0.0028735632183908046 0.0028735632183908046 0.11781609195402297 0.0028735632183908046 0.2040229885057471 0.5488505747126436
0.00403225806451613 0.16532258064516128 0.2056451612903226 0.00403225806451613 0.00403225806451613 0.00403225806451613 0.08467741935483872 0.528225806451613
0.16137566137566137 0.002645502645502646 0.05555555555555556 0.002645502645502646 0.002645502645502646 0.1349206349206349 0.002645502645502646 0.6375661375661377
0.04824561403508773 0.004385964912280702 0.31140350877192985 0.004385964912280702 0.004385964912280702 0.004385964912280702 0.04824561403508773 0.5745614035087719
0.082010582010582 0.10846560846560845 0.0026455026455026454 0.0026455026455026454 0.0026455026455026454 0.082010582010582 0.0026455026455026454 0.7169312169312169
0.0035971223021582736 0.3992805755395683 0.0035971223021582736 0.0035971223021582736 0.0035971223021582736 0.0035971223021582736 0.0035971223021582736 0.5791366906474821
0.32446808510638303 0.3776595744680851 0.0053191489361702135 0.0053191489361702135 0.0053191489361702135 0.0053191489361702135 0.1648936170212766 0.11170212765957449
0.20469798657718122 0.3389261744966443 0.0033557046979865775 0.0033557046979865775 0.0033557046979865775 0.0033557046979865775 0.0033557046979865775 0.43959731543624164
0.08467741935483872 0.04435483870967743 0.08467741935483872 0.00403225806451613 0.16532258064516128 0.00403225806451613 0.00403225806451613 0.6088709677419355
0.48557692307692313 0.0528846153846154 0.004807692307692309 0.004807692307692309 0.004807692307692309 0.004807692307692309 0.004807692307692309 0.43750000000000006
0.0029585798816568047 0.0621301775147929 0.0029585798816568047 0.0029585798816568047 0.26923076923076916 0.0029585798816568047 0.0029585798816568047 0.6538461538461539
0.0053191489361702135 0.0053191489361702135 0.21808510638297873 0.0053191489361702135 0.32446808510638303 0.0053191489361702135 0.0053191489361702135 0.4308510638297873
0.2954545454545454 0.003246753246753247 0.003246753246753247 0.003246753246753247 0.003246753246753247 0.003246753246753247 0.003246753246753247 0.685064935064935
0.0043859649122807015 0.13596491228070173 0.0043859649122807015 0.0043859649122807015 0.0043859649122807015 0.0043859649122807015 0.0043859649122807015 0.837719298245614
0.005050505050505052 0.4090909090909091 0.20707070707070707 0.005050505050505052 0.005050505050505052 0.005050505050505052 0.005050505050505052 0.3585858585858586
0.18597560975609756 0.09451219512195123 0.0030487804878048786 0.0030487804878048786 0.0030487804878048786 0.21646341463414634 0.0030487804878048786 0.49085365853658547
0.003246753246753247 0.16558441558441556 0.16558441558441556 0.003246753246753247 0.003246753246753247 0.003246753246753247 0.003246753246753247 0.6525974025974026
0.41417910447761197 0.0037313432835820903 0.0783582089552239 0.26492537313432835 0.0037313432835820903 0.0037313432835820903 0.11567164179104479 0.11567164179104479
0.23051948051948054 0.0032467532467532474 0.0032467532467532474 0.0032467532467532474 0.29545454545454547 0.0032467532467532474 0.0032467532467532474 0.4577922077922078
0.10402684563758391 0.3724832214765101 0.0033557046979865775 0.0033557046979865775 0.0033557046979865775 0.07046979865771813 0.10402684563758391 0.3389261744966443
0.0027932960893854745 0.0027932960893854745 0.0027932960893854745 0.0027932960893854745 0.0027932960893854745 0.030726256983240222 0.2821229050279329 0.6731843575418994
0.4821428571428572 0.005952380952380954 0.005952380952380954 0.005952380952380954 0.005952380952380954 0.005952380952380954 0.005952380952380954 0.4821428571428572
0.0024509803921568627 0.19852941176470584 0.0024509803921568627 0.0024509803921568627 0.07598039215686274 0.0024509803921568627 0.17401960784313722 0.5416666666666666
0.40604026845637586 0.0033557046979865775 0.0033557046979865775 0.40604026845637586 0.03691275167785236 0.0033557046979865775 0.0033557046979865775 0.13758389261744966
0.0037313432835820895 0.22761194029850745 0.0037313432835820895 0.0037313432835820895 0.0037313432835820895 0.15298507462686564 0.0037313432835820895 0.6007462686567164
0.1289308176100629 0.0031446540880503146 0.0031446540880503146 0.0031446540880503146 0.0031446540880503146 0.0031446540880503146 0.19182389937106917 0.6635220125786164
0.3079268292682927 0.0030487804878048786 0.0030487804878048786 0.0030487804878048786 0.0030487804878048786 0.0030487804878048786 0.0030487804878048786 0.6737804878048782
0.06603773584905662 0.034591194968553465 0.003144654088050315 0.4119496855345912 0.034591194968553465 0.003144654088050315 0.003144654088050315 0.44339622641509435
0.0030487804878048777 0.2164634146341463 0.0030487804878048777 0.0030487804878048777 0.0030487804878048777 0.0030487804878048777 0.0030487804878048777 0.7652439024390243
0.2537688442211055 0.05276381909547739 0.12814070351758794 0.0025125628140703522 0.0025125628140703522 0.0025125628140703522 0.0025125628140703522 0.5552763819095479
0.052763819095477386 0.002512562814070352 0.002512562814070352 0.002512562814070352 0.1281407035175879 0.052763819095477386 0.22864321608040197 0.5301507537688442
0.004201680672268908 0.004201680672268908 0.1722689075630252 0.004201680672268908 0.004201680672268908 0.004201680672268908 0.29831932773109243 0.5084033613445379
0.026960784313725488 0.0024509803921568627 0.0024509803921568627 0.0024509803921568627 0.07598039215686274 0.0024509803921568627 0.19852941176470584 0.6887254901960784
0.25757575757575757 0.005050505050505052 0.005050505050505052 0.005050505050505052 0.005050505050505052 0.005050505050505052 0.4090909090909091 0.3080808080808081
0.2553956834532374 0.0035971223021582736 0.0035971223021582736 0.0035971223021582736 0.03956834532374101 0.0035971223021582736 0.0035971223021582736 0.6870503597122303
0.004807692307692309 0.10096153846153848 0.004807692307692309 0.004807692307692309 0.14903846153846156 0.004807692307692309 0.004807692307692309 0.7259615384615385
0.2614942528735632 0.002873563218390805 0.002873563218390805 0.002873563218390805 0.4626436781609196 0.002873563218390805 0.14655172413793105 0.11781609195402298
0.04263565891472868 0.15891472868217052 0.04263565891472868 0.003875968992248062 0.003875968992248062 0.003875968992248062 0.003875968992248062 0.7403100775193798
0.2465277777777778 0.003472222222222223 0.003472222222222223 0.2465277777777778 0.003472222222222223 0.038194444444444454 0.003472222222222223 0.45486111111111116
0.002873563218390805 0.11781609195402298 0.14655172413793105 0.002873563218390805 0.002873563218390805 0.002873563218390805 0.31896551724137934 0.4051724137931035
0.530701754385965 0.004385964912280702 0.09210526315789475 0.004385964912280702 0.004385964912280702 0.004385964912280702 0.004385964912280702 0.3552631578947369
0.004201680672268907 0.004201680672268907 0.004201680672268907 0.004201680672268907 0.004201680672268907 0.004201680672268907 0.004201680672268907 0.9705882352941176
0.3724832214765101 0.10402684563758391 0.0033557046979865775 0.0033557046979865775 0.0033557046979865775 0.0033557046979865775 0.0033557046979865775 0.5067114093959731
0.004201680672268908 0.004201680672268908 0.004201680672268908 0.004201680672268908 0.04621848739495799 0.2142857142857143 0.4663865546218488 0.2563025210084034
0.005050505050505052 0.5101010101010102 0.005050505050505052 0.005050505050505052 0.005050505050505052 0.005050505050505052 0.005050505050505052 0.45959595959595967
0.28608247422680416 0.0025773195876288664 0.0025773195876288664 0.0025773195876288664 0.13144329896907217 0.0025773195876288664 0.0025773195876288664 0.5695876288659795
0.1474820143884892 0.003597122302158274 0.03956834532374101 0.1474820143884892 0.03956834532374101 0.3273381294964029 0.07553956834532376 0.21942446043165467
0.010204081632653062 0.010204081632653062 0.010204081632653062 0.010204081632653062 0.010204081632653062 0.010204081632653062 0.010204081632653062 0.9285714285714286
0.1423611111111111 0.03819444444444445 0.0034722222222222225 0.0034722222222222225 0.0034722222222222225 0.0034722222222222225 0.07291666666666667 0.732638888888889
0.0033557046979865775 0.3389261744966443 0.10402684563758391 0.0033557046979865775 0.13758389261744966 0.10402684563758391 0.0033557046979865775 0.3053691275167785
0.2861635220125786 0.16037735849056603 0.003144654088050315 0.16037735849056603 0.003144654088050315 0.003144654088050315 0.16037735849056603 0.22327044025157233
0.10402684563758388 0.0033557046979865767 0.036912751677852344 0.0033557046979865767 0.0033557046979865767 0.0033557046979865767 0.0033557046979865767 0.8422818791946308
0.003472222222222223 0.10763888888888891 0.003472222222222223 0.003472222222222223 0.003472222222222223 0.003472222222222223 0.48958333333333337 0.3854166666666667
0.0034722222222222225 0.5590277777777778 0.0034722222222222225 0.0034722222222222225 0.07291666666666667 0.03819444444444445 0.1076388888888889 0.21180555555555552
0.02511415525114155 0.00228310502283105 0.20776255707762553 0.00228310502283105 0.13926940639269403 0.00228310502283105 0.16210045662100453 0.4589041095890411
0.10450819672131145 0.10450819672131145 0.0020491803278688526 0.0430327868852459 0.0020491803278688526 0.0430327868852459 0.18647540983606556 0.5143442622950819
0.06426332288401253 0.31504702194357365 0.017241379310344827 0.017241379310344827 0.0015673981191222568 0.032915360501567396 0.1269592476489028 0.4247648902821316
0.0022831050228310505 0.2990867579908676 0.0022831050228310505 0.0022831050228310505 0.16210045662100456 0.0022831050228310505 0.3447488584474886 0.18493150684931509
0.004807692307692309 0.004807692307692309 0.004807692307692309 0.004807692307692309 0.004807692307692309 0.004807692307692309 0.2451923076923077 0.7259615384615385
0.0033557046979865775 0.3389261744966443 0.0033557046979865775 0.0033557046979865775 0.5067114093959731 0.0033557046979865775 0.0033557046979865775 0.13758389261744966
0.0021367521367521365 0.0021367521367521365 0.0021367521367521365 0.023504273504273504 0.10897435897435896 0.0021367521367521365 0.4081196581196581 0.45085470085470086
0.004385964912280702 0.004385964912280702 0.2236842105263158 0.004385964912280702 0.04824561403508773 0.004385964912280702 0.4429824561403509 0.2675438596491228
0.004032258064516129 0.004032258064516129 0.004032258064516129 0.004032258064516129 0.004032258064516129 0.004032258064516129 0.004032258064516129 0.9717741935483871
0.004587155963302753 0.004587155963302753 0.27981651376146793 0.004587155963302753 0.004587155963302753 0.004587155963302753 0.6009174311926606 0.09633027522935782
0.003875968992248063 0.003875968992248063 0.003875968992248063 0.15891472868217055 0.003875968992248063 0.003875968992248063 0.313953488372093 0.5077519379844961
0.004587155963302753 0.18807339449541285 0.004587155963302753 0.23394495412844038 0.004587155963302753 0.004587155963302753 0.050458715596330285 0.5091743119266056
0.003875968992248063 0.003875968992248063 0.19767441860465118 0.003875968992248063 0.003875968992248063 0.003875968992248063 0.3914728682170543 0.3914728682170543
0.0028735632183908046 0.0028735632183908046 0.0028735632183908046 0.0028735632183908046 0.17528735632183906 0.2040229885057471 0.0028735632183908046 0.6063218390804598
0.002183406113537118 0.002183406113537118 0.04585152838427947 0.111353711790393 0.2641921397379912 0.002183406113537118 0.111353711790393 0.46069868995633184
0.003875968992248063 0.35271317829457366 0.003875968992248063 0.003875968992248063 0.003875968992248063 0.003875968992248063 0.3914728682170543 0.2364341085271318
0.004807692307692309 0.389423076923077 0.43750000000000006 0.004807692307692309 0.004807692307692309 0.004807692307692309 0.004807692307692309 0.14903846153846156
0.373015873015873 0.10846560846560846 0.002645502645502646 0.002645502645502646 0.002645502645502646 0.002645502645502646 0.05555555555555556 0.45238095238095244
0.004201680672268908 0.004201680672268908 0.2142857142857143 0.004201680672268908 0.004201680672268908 0.004201680672268908 0.4243697478991597 0.3403361344537815
0.0053191489361702135 0.2712765957446809 0.0053191489361702135 0.0053191489361702135 0.0053191489361702135 0.0053191489361702135 0.21808510638297873 0.4840425531914894
0.0033557046979865775 0.20469798657718122 0.0033557046979865775 0.0033557046979865775 0.0033557046979865775 0.10402684563758391 0.17114093959731544 0.5067114093959731
0.003875968992248063 0.003875968992248063 0.003875968992248063 0.19767441860465118 0.003875968992248063 0.15891472868217055 0.3914728682170543 0.2364341085271318
0.373015873015873 0.24074074074074076 0.002645502645502646 0.1349206349206349 0.002645502645502646 0.24074074074074076 0.002645502645502646 0.002645502645502646
0.0022831050228310505 0.0022831050228310505 0.09360730593607305 0.2534246575342466 0.2534246575342466 0.0022831050228310505 0.39041095890410965 0.0022831050228310505
0.17528735632183906 0.0028735632183908046 0.0028735632183908046 0.0028735632183908046 0.0028735632183908046 0.807471264367816 0.0028735632183908046 0.0028735632183908046
0.0027173913043478264 0.19293478260869565 0.19293478260869565 0.328804347826087 0.11141304347826086 0.1657608695652174 0.0027173913043478264 0.0027173913043478264
0.0023364485981308414 0.025700934579439255 0.07242990654205608 0.1191588785046729 0.3294392523364486 0.3294392523364486 0.1191588785046729 0.0023364485981308414
0.0027173913043478264 0.2472826086956522 0.08423913043478262 0.1657608695652174 0.3831521739130435 0.0027173913043478264 0.11141304347826086 0.0027173913043478264
0.007246376811594204 0.007246376811594204 0.007246376811594204 0.07971014492753624 0.007246376811594204 0.8768115942028986 0.007246376811594204 0.007246376811594204
0.13858695652173914 0.0027173913043478264 0.2472826086956522 0.0027173913043478264 0.2472826086956522 0.35597826086956524 0.0027173913043478264 0.0027173913043478264
0.0045871559633027525 0.7385321100917431 0.0045871559633027525 0.0045871559633027525 0.0045871559633027525 0.23394495412844035 0.0045871559633027525 0.0045871559633027525
0.04621848739495799 0.004201680672268908 0.004201680672268908 0.3403361344537815 0.004201680672268908 0.4243697478991597 0.004201680672268908 0.1722689075630252
0.004385964912280702 0.004385964912280702 0.004385964912280702 0.4429824561403509 0.004385964912280702 0.530701754385965 0.004385964912280702 0.004385964912280702
0.723021582733813 0.07553956834532374 0.1834532374100719 0.0035971223021582736 0.0035971223021582736 0.0035971223021582736 0.0035971223021582736 0.0035971223021582736
0.19767441860465118 0.003875968992248063 0.15891472868217055 0.15891472868217055 0.003875968992248063 0.313953488372093 0.003875968992248063 0.15891472868217055
0.0045871559633027525 0.0045871559633027525 0.0045871559633027525 0.23394495412844035 0.0045871559633027525 0.7385321100917431 0.0045871559633027525 0.0045871559633027525
0.0045871559633027525 0.0045871559633027525 0.0045871559633027525 0.0045871559633027525 0.0045871559633027525 0.9678899082568808 0.0045871559633027525 0.0045871559633027525
0.22761194029850748 0.04104477611940299 0.0037313432835820903 0.15298507462686567 0.3022388059701493 0.26492537313432835 0.0037313432835820903 0.0037313432835820903
0.3768656716417911 0.15298507462686567 0.0037313432835820903 0.41417910447761197 0.0037313432835820903 0.0037313432835820903 0.04104477611940299 0.0037313432835820903
0.0037313432835820903 0.0037313432835820903 0.45149253731343286 0.0783582089552239 0.3395522388059702 0.11567164179104479 0.0037313432835820903 0.0037313432835820903
0.0043859649122807015 0.0043859649122807015 0.0043859649122807015 0.0043859649122807015 0.17982456140350875 0.793859649122807 0.0043859649122807015 0.0043859649122807015
0.007246376811594204 0.007246376811594204 0.007246376811594204 0.007246376811594204 0.007246376811594204 0.9492753623188406 0.007246376811594204 0.007246376811594204
0.003472222222222223 0.003472222222222223 0.17708333333333334 0.2465277777777778 0.31597222222222227 0.2465277777777778 0.003472222222222223 0.003472222222222223
0.21180555555555555 0.17708333333333334 0.10763888888888891 0.17708333333333334 0.038194444444444454 0.21180555555555555 0.07291666666666667 0.003472222222222223
0.16532258064516128 0.00403225806451613 0.04435483870967743 0.00403225806451613 0.2862903225806452 0.4879032258064517 0.00403225806451613 0.00403225806451613
0.004807692307692308 0.004807692307692308 0.004807692307692308 0.004807692307692308 0.004807692307692308 0.9663461538461539 0.004807692307692308 0.004807692307692308
0.004201680672268907 0.04621848739495798 0.004201680672268907 0.08823529411764705 0.004201680672268907 0.8445378151260503 0.004201680672268907 0.004201680672268907
0.005617977528089889 0.005617977528089889 0.2865168539325843 0.39887640449438205 0.005617977528089889 0.2865168539325843 0.005617977528089889 0.005617977528089889
0.004385964912280702 0.4429824561403509 0.004385964912280702 0.004385964912280702 0.04824561403508773 0.48684210526315796 0.004385964912280702 0.004385964912280702
0.00403225806451613 0.6088709677419355 0.16532258064516128 0.04435483870967743 0.00403225806451613 0.00403225806451613 0.00403225806451613 0.16532258064516128
0.003597122302158274 0.07553956834532376 0.003597122302158274 0.07553956834532376 0.003597122302158274 0.11151079136690649 0.29136690647482016 0.4352517985611511
0.011363636363636364 0.011363636363636364 0.011363636363636364 0.5795454545454545 0.011363636363636364 0.35227272727272724 0.011363636363636364 0.011363636363636364
0.6201298701298702 0.003246753246753247 0.3279220779220779 0.003246753246753247 0.003246753246753247 0.03571428571428572 0.003246753246753247 0.003246753246753247
0.004385964912280702 0.4429824561403509 0.004385964912280702 0.530701754385965 0.004385964912280702 0.004385964912280702 0.004385964912280702 0.004385964912280702
0.4201388888888889 0.003472222222222223 0.003472222222222223 0.31597222222222227 0.2465277777777778 0.003472222222222223 0.003472222222222223 0.003472222222222223
0.005952380952380954 0.005952380952380954 0.005952380952380954 0.3035714285714286 0.0654761904761905 0.6011904761904763 0.005952380952380954 0.005952380952380954
0.002450980392156863 0.07598039215686275 0.002450980392156863 0.002450980392156863 0.32107843137254904 0.34558823529411764 0.22303921568627452 0.026960784313725495
0.003875968992248063 0.003875968992248063 0.2364341085271318 0.46899224806201556 0.003875968992248063 0.12015503875968994 0.15891472868217055 0.003875968992248063
0.004807692307692309 0.19711538461538464 0.0528846153846154 0.14903846153846156 0.34134615384615385 0.004807692307692309 0.004807692307692309 0.2451923076923077
0.28125 0.003472222222222223 0.1423611111111111 0.003472222222222223 0.003472222222222223 0.1423611111111111 0.2465277777777778 0.17708333333333334
0.3426966292134832 0.005617977528089889 0.2303370786516854 0.005617977528089889 0.005617977528089889 0.39887640449438205 0.005617977528089889 0.005617977528089889
0.002873563218390805 0.060344827586206906 0.08908045977011496 0.6063218390804599 0.002873563218390805 0.002873563218390805 0.2327586206896552 0.002873563218390805
0.10301507537688442 0.27889447236180903 0.22864321608040203 0.0025125628140703522 0.027638190954773875 0.17839195979899497 0.17839195979899497 0.0025125628140703522
0.003731343283582089 0.15298507462686564 0.003731343283582089 0.6380597014925372 0.11567164179104476 0.07835820895522387 0.003731343283582089 0.003731343283582089
0.004201680672268907 0.004201680672268907 0.13025210084033612 0.004201680672268907 0.004201680672268907 0.13025210084033612 0.7184873949579831 0.004201680672268907
0.004587155963302752 0.004587155963302752 0.09633027522935779 0.004587155963302752 0.004587155963302752 0.09633027522935779 0.7844036697247706 0.004587155963302752
0.004201680672268907 0.004201680672268907 0.17226890756302518 0.004201680672268907 0.004201680672268907 0.08823529411764706 0.7184873949579832 0.004201680672268907
0.1474820143884892 0.29136690647482016 0.003597122302158274 0.5071942446043166 0.003597122302158274 0.03956834532374101 0.003597122302158274 0.003597122302158274
0.732638888888889 0.0034722222222222225 0.24652777777777776 0.0034722222222222225 0.0034722222222222225 0.0034722222222222225 0.0034722222222222225 0.0034722222222222225
0.262987012987013 0.16558441558441558 0.1331168831168831 0.03571428571428572 0.0032467532467532474 0.0032467532467532474 0.1331168831168831 0.262987012987013
0.10301507537688442 0.0025125628140703522 0.0025125628140703522 0.10301507537688442 0.37939698492462315 0.3040201005025126 0.10301507537688442 0.0025125628140703522
0.004201680672268908 0.004201680672268908 0.4243697478991597 0.5504201680672269 0.004201680672268908 0.004201680672268908 0.004201680672268908 0.004201680672268908
0.6895161290322581 0.04435483870967742 0.004032258064516129 0.004032258064516129 0.004032258064516129 0.004032258064516129 0.004032258064516129 0.24596774193548385
0.7873134328358209 0.0037313432835820895 0.0037313432835820895 0.19029850746268656 0.0037313432835820895 0.0037313432835820895 0.0037313432835820895 0.0037313432835820895
0.004385964912280702 0.2675438596491228 0.004385964912280702 0.004385964912280702 0.004385964912280702 0.2236842105263158 0.04824561403508773 0.4429824561403509
0.25539568345323743 0.003597122302158274 0.29136690647482016 0.003597122302158274 0.03956834532374101 0.39928057553956836 0.003597122302158274 0.003597122302158274
0.7175324675324676 0.003246753246753247 0.262987012987013 0.003246753246753247 0.003246753246753247 0.003246753246753247 0.003246753246753247 0.003246753246753247
0.02835051546391753 0.0025773195876288664 0.2345360824742268 0.2603092783505155 0.0025773195876288664 0.2603092783505155 0.02835051546391753 0.1829896907216495
0.007812500000000002 0.007812500000000002 0.007812500000000002 0.6328125000000001 0.007812500000000002 0.32031250000000006 0.007812500000000002 0.007812500000000002
0.0045871559633027525 0.0045871559633027525 0.18807339449541283 0.7844036697247707 0.0045871559633027525 0.0045871559633027525 0.0045871559633027525 0.0045871559633027525
0.08139534883720931 0.2751937984496124 0.003875968992248063 0.003875968992248063 0.003875968992248063 0.2751937984496124 0.15891472868217055 0.19767441860465118
0.2563025210084034 0.2142857142857143 0.004201680672268908 0.1722689075630252 0.004201680672268908 0.1722689075630252 0.1722689075630252 0.004201680672268908
0.005952380952380954 0.5416666666666667 0.005952380952380954 0.005952380952380954 0.005952380952380954 0.24404761904761907 0.18452380952380956 0.005952380952380954
0.7416107382550335 0.003355704697986577 0.23825503355704697 0.003355704697986577 0.003355704697986577 0.003355704697986577 0.003355704697986577 0.003355704697986577
0.007812500000000002 0.007812500000000002 0.007812500000000002 0.6328125000000001 0.007812500000000002 0.32031250000000006 0.007812500000000002 0.007812500000000002
0.5243055555555556 0.038194444444444454 0.003472222222222223 0.038194444444444454 0.003472222222222223 0.3854166666666667 0.003472222222222223 0.003472222222222223
0.004807692307692309 0.004807692307692309 0.004807692307692309 0.389423076923077 0.004807692307692309 0.43750000000000006 0.14903846153846156 0.004807692307692309
0.007812500000000002 0.007812500000000002 0.007812500000000002 0.32031250000000006 0.007812500000000002 0.6328125000000001 0.007812500000000002 0.007812500000000002
0.007812500000000002 0.007812500000000002 0.007812500000000002 0.32031250000000006 0.007812500000000002 0.6328125000000001 0.007812500000000002 0.007812500000000002
0.0037313432835820903 0.04104477611940299 0.15298507462686567 0.3768656716417911 0.0037313432835820903 0.19029850746268656 0.0037313432835820903 0.22761194029850748
0.371559633027523 0.004587155963302753 0.18807339449541285 0.18807339449541285 0.004587155963302753 0.004587155963302753 0.23394495412844038 0.004587155963302753
0.46330275229357804 0.004587155963302753 0.004587155963302753 0.09633027522935782 0.004587155963302753 0.14220183486238536 0.004587155963302753 0.27981651376146793
0.003597122302158274 0.21942446043165467 0.03956834532374101 0.003597122302158274 0.25539568345323743 0.25539568345323743 0.21942446043165467 0.003597122302158274
0.0053191489361702135 0.0053191489361702135 0.6436170212765958 0.32446808510638303 0.0053191489361702135 0.0053191489361702135 0.0053191489361702135 0.0053191489361702135
0.011363636363636366 0.011363636363636366 0.011363636363636366 0.011363636363636366 0.46590909090909094 0.46590909090909094 0.011363636363636366 0.011363636363636366
0.17982456140350878 0.17982456140350878 0.17982456140350878 0.3991228070175439 0.004385964912280702 0.04824561403508773 0.004385964912280702 0.004385964912280702
0.31597222222222227 0.003472222222222223 0.003472222222222223 0.003472222222222223 0.10763888888888891 0.003472222222222223 0.3854166666666667 0.17708333333333334
0.3395522388059702 0.0037313432835820903 0.0037313432835820903 0.0037313432835820903 0.0037313432835820903 0.3395522388059702 0.3022388059701493 0.0037313432835820903
0.004201680672268908 0.004201680672268908 0.004201680672268908 0.3403361344537815 0.3403361344537815 0.004201680672268908 0.29831932773109243 0.004201680672268908
0.005617977528089889 0.005617977528089889 0.005617977528089889 0.7921348314606743 0.005617977528089889 0.17415730337078655 0.005617977528089889 0.005617977528089889
0.03459119496855346 0.0031446540880503146 0.7264150943396227 0.0031446540880503146 0.2232704402515723 0.0031446540880503146 0.0031446540880503146 0.0031446540880503146
0.3395522388059702 0.0783582089552239 0.0037313432835820903 0.0037313432835820903 0.0037313432835820903 0.0037313432835820903 0.5634328358208955 0.0037313432835820903
0.003246753246753247 0.1331168831168831 0.10064935064935066 0.2305194805194805 0.5227272727272727 0.003246753246753247 0.003246753246753247 0.003246753246753247
0.3854166666666667 0.3854166666666667 0.003472222222222223 0.003472222222222223 0.003472222222222223 0.003472222222222223 0.21180555555555555 0.003472222222222223
0.5804020100502513 0.32914572864321606 0.002512562814070352 0.002512562814070352 0.027638190954773868 0.002512562814070352 0.002512562814070352 0.052763819095477386
0.3403361344537815 0.1722689075630252 0.004201680672268908 0.004201680672268908 0.004201680672268908 0.1722689075630252 0.2563025210084034 0.04621848739495799
0.004201680672268908 0.04621848739495799 0.08823529411764708 0.29831932773109243 0.2142857142857143 0.004201680672268908 0.004201680672268908 0.3403361344537815
0.3266129032258065 0.00403225806451613 0.00403225806451613 0.4879032258064517 0.00403225806451613 0.16532258064516128 0.00403225806451613 0.00403225806451613
0.004807692307692309 0.2451923076923077 0.004807692307692309 0.004807692307692309 0.004807692307692309 0.0528846153846154 0.6778846153846154 0.004807692307692309
0.36693548387096775 0.16532258064516128 0.12500000000000003 0.00403225806451613 0.3266129032258065 0.00403225806451613 0.00403225806451613 0.00403225806451613
0.003875968992248063 0.003875968992248063 0.2364341085271318 0.003875968992248063 0.15891472868217055 0.4302325581395349 0.003875968992248063 0.15891472868217055
0.23394495412844038 0.004587155963302753 0.004587155963302753 0.004587155963302753 0.32568807339449546 0.14220183486238536 0.004587155963302753 0.27981651376146793
0.17401960784313725 0.39460784313725494 0.002450980392156863 0.002450980392156863 0.05147058823529412 0.125 0.24754901960784315 0.002450980392156863
0.2537688442211055 0.20351758793969849 0.22864321608040203 0.0025125628140703522 0.17839195979899497 0.0025125628140703522 0.12814070351758794 0.0025125628140703522
0.40725806451612906 0.36693548387096775 0.00403225806451613 0.00403225806451613 0.2056451612903226 0.00403225806451613 0.00403225806451613 0.00403225806451613
0.003875968992248063 0.08139534883720931 0.003875968992248063 0.15891472868217055 0.3914728682170543 0.15891472868217055 0.19767441860465118 0.003875968992248063
0.004385964912280702 0.4429824561403509 0.004385964912280702 0.004385964912280702 0.004385964912280702 0.004385964912280702 0.3552631578947369 0.17982456140350878
0.48557692307692313 0.2451923076923077 0.004807692307692309 0.004807692307692309 0.004807692307692309 0.0528846153846154 0.004807692307692309 0.19711538461538464
0.24404761904761907 0.4821428571428572 0.24404761904761907 0.005952380952380954 0.005952380952380954 0.005952380952380954 0.005952380952380954 0.005952380952380954
0.0032467532467532474 0.06818181818181819 0.03571428571428572 0.0032467532467532474 0.3603896103896104 0.06818181818181819 0.4577922077922078 0.0032467532467532474
0.3266129032258065 0.44758064516129037 0.00403225806451613 0.00403225806451613 0.00403225806451613 0.00403225806451613 0.2056451612903226 0.00403225806451613
0.5691823899371069 0.380503144654088 0.03459119496855346 0.0031446540880503146 0.0031446540880503146 0.0031446540880503146 0.0031446540880503146 0.0031446540880503146
0.00403225806451613 0.2056451612903226 0.00403225806451613 0.00403225806451613 0.08467741935483872 0.16532258064516128 0.24596774193548387 0.2862903225806452
0.0034722222222222225 0.59375 0.0034722222222222225 0.0034722222222222225 0.0034722222222222225 0.0034722222222222225 0.38541666666666663 0.0034722222222222225
0.003875968992248062 0.003875968992248062 0.003875968992248062 0.003875968992248062 0.23643410852713176 0.003875968992248062 0.7403100775193798 0.003875968992248062
0.592436974789916 0.3823529411764706 0.004201680672268908 0.004201680672268908 0.004201680672268908 0.004201680672268908 0.004201680672268908 0.004201680672268908
0.4821428571428572 0.4821428571428572 0.005952380952380954 0.005952380952380954 0.005952380952380954 0.005952380952380954 0.005952380952380954 0.005952380952380954
0.004587155963302753 0.18807339449541285 0.09633027522935782 0.004587155963302753 0.004587155963302753 0.004587155963302753 0.6926605504587157 0.004587155963302753
0.004201680672268907 0.004201680672268907 0.004201680672268907 0.004201680672268907 0.004201680672268907 0.004201680672268907 0.9705882352941176 0.004201680672268907
0.004032258064516129 0.16532258064516128 0.004032258064516129 0.004032258064516129 0.004032258064516129 0.004032258064516129 0.810483870967742 0.004032258064516129
0.35798816568047337 0.09171597633136096 0.002958579881656805 0.12130177514792899 0.15088757396449703 0.002958579881656805 0.2692307692307692 0.002958579881656805
0.004587155963302753 0.004587155963302753 0.14220183486238536 0.18807339449541285 0.004587155963302753 0.18807339449541285 0.46330275229357804 0.004587155963302753
0.004385964912280702 0.2236842105263158 0.1359649122807018 0.004385964912280702 0.004385964912280702 0.004385964912280702 0.618421052631579 0.004385964912280702
0.125 0.125 0.21646341463414634 0.18597560975609756 0.09451219512195123 0.0030487804878048786 0.24695121951219512 0.0030487804878048786
0.004587155963302753 0.27981651376146793 0.004587155963302753 0.18807339449541285 0.18807339449541285 0.09633027522935782 0.23394495412844038 0.004587155963302753
0.0053191489361702135 0.11170212765957449 0.0053191489361702135 0.0053191489361702135 0.3776595744680851 0.0053191489361702135 0.4840425531914894 0.0053191489361702135
0.09210526315789475 0.09210526315789475 0.004385964912280702 0.004385964912280702 0.662280701754386 0.004385964912280702 0.1359649122807018 0.004385964912280702
0.43750000000000006 0.10096153846153848 0.004807692307692309 0.004807692307692309 0.004807692307692309 0.0528846153846154 0.389423076923077 0.004807692307692309
0.003597122302158274 0.21942446043165467 0.11151079136690649 0.003597122302158274 0.21942446043165467 0.003597122302158274 0.39928057553956836 0.03956834532374101
0.7015503875968992 0.2751937984496124 0.003875968992248062 0.003875968992248062 0.003875968992248062 0.003875968992248062 0.003875968992248062 0.003875968992248062
0.0037313432835820903 0.48880597014925375 0.0037313432835820903 0.0037313432835820903 0.0037313432835820903 0.0037313432835820903 0.48880597014925375 0.0037313432835820903
0.0037313432835820895 0.8992537313432836 0.041044776119402986 0.0037313432835820895 0.0037313432835820895 0.0037313432835820895 0.041044776119402986 0.0037313432835820895
0.34656084656084657 0.16137566137566137 0.002645502645502646 0.002645502645502646 0.2142857142857143 0.002645502645502646 0.16137566137566137 0.10846560846560846
0.003472222222222223 0.2465277777777778 0.003472222222222223 0.2465277777777778 0.003472222222222223 0.003472222222222223 0.4201388888888889 0.07291666666666667
0.0031446540880503146 0.0031446540880503146 0.0031446540880503146 0.0031446540880503146 0.5691823899371069 0.0031446540880503146 0.41194968553459116 0.0031446540880503146
0.0037313432835820895 0.6007462686567164 0.0037313432835820895 0.0037313432835820895 0.0037313432835820895 0.15298507462686564 0.22761194029850745 0.0037313432835820895
0.21942446043165464 0.723021582733813 0.0035971223021582736 0.0035971223021582736 0.0035971223021582736 0.0035971223021582736 0.03956834532374101 0.0035971223021582736
0.0033557046979865775 0.4731543624161074 0.07046979865771813 0.0033557046979865775 0.0033557046979865775 0.0033557046979865775 0.43959731543624164 0.0033557046979865775
0.007812500000000002 0.32031250000000006 0.32031250000000006 0.007812500000000002 0.007812500000000002 0.007812500000000002 0.32031250000000006 0.007812500000000002
0.004587155963302753 0.6467889908256882 0.14220183486238536 0.004587155963302753 0.004587155963302753 0.004587155963302753 0.004587155963302753 0.18807339449541285
0.11151079136690649 0.5431654676258993 0.003597122302158274 0.003597122302158274 0.11151079136690649 0.003597122302158274 0.21942446043165467 0.003597122302158274
0.026960784313725488 0.7377450980392156 0.0024509803921568627 0.026960784313725488 0.0024509803921568627 0.19852941176470584 0.0024509803921568627 0.0024509803921568627
0.25539568345323743 0.21942446043165467 0.003597122302158274 0.39928057553956836 0.003597122302158274 0.003597122302158274 0.11151079136690649 0.003597122302158274
0.004587155963302753 0.371559633027523 0.14220183486238536 0.004587155963302753 0.004587155963302753 0.004587155963302753 0.46330275229357804 0.004587155963302753
0.004587155963302753 0.23394495412844038 0.004587155963302753 0.004587155963302753 0.004587155963302753 0.14220183486238536 0.6009174311926606 0.004587155963302753
0.004807692307692309 0.19711538461538464 0.389423076923077 0.004807692307692309 0.004807692307692309 0.389423076923077 0.004807692307692309 0.004807692307692309
0.003875968992248062 0.7403100775193798 0.003875968992248062 0.003875968992248062 0.19767441860465115 0.003875968992248062 0.04263565891472868 0.003875968992248062
0.004807692307692309 0.2932692307692308 0.004807692307692309 0.004807692307692309 0.004807692307692309 0.004807692307692309 0.6778846153846154 0.004807692307692309
0.005050505050505052 0.5101010101010102 0.005050505050505052 0.005050505050505052 0.005050505050505052 0.005050505050505052 0.005050505050505052 0.45959595959595967
0.004385964912280702 0.48684210526315796 0.2675438596491228 0.004385964912280702 0.004385964912280702 0.004385964912280702 0.2236842105263158 0.004385964912280702
0.36693548387096775 0.5685483870967742 0.00403225806451613 0.00403225806451613 0.04435483870967743 0.00403225806451613 0.00403225806451613 0.00403225806451613
0.4663865546218488 0.2563025210084034 0.004201680672268908 0.2563025210084034 0.004201680672268908 0.004201680672268908 0.004201680672268908 0.004201680672268908
0.004201680672268908 0.13025210084033614 0.2142857142857143 0.004201680672268908 0.004201680672268908 0.1722689075630252 0.4663865546218488 0.004201680672268908
0.06402439024390244 0.42987804878048785 0.0030487804878048786 0.39939024390243905 0.09451219512195123 0.0030487804878048786 0.0030487804878048786 0.0030487804878048786
0.004201680672268907 0.7184873949579832 0.004201680672268907 0.004201680672268907 0.21428571428571427 0.046218487394957986 0.004201680672268907 0.004201680672268907
0.0037313432835820903 0.3768656716417911 0.0037313432835820903 0.0037313432835820903 0.0037313432835820903 0.15298507462686567 0.41417910447761197 0.04104477611940299
0.23051948051948054 0.06818181818181819 0.0032467532467532474 0.23051948051948054 0.10064935064935066 0.0032467532467532474 0.19805194805194806 0.16558441558441558
0.24596774193548387 0.6088709677419355 0.00403225806451613 0.00403225806451613 0.00403225806451613 0.00403225806451613 0.12500000000000003 0.00403225806451613
0.004587155963302753 0.32568807339449546 0.14220183486238536 0.004587155963302753 0.004587155963302753 0.004587155963302753 0.5091743119266056 0.004587155963302753
0.15298507462686564 0.7499999999999999 0.003731343283582089 0.003731343283582089 0.003731343283582089 0.003731343283582089 0.003731343283582089 0.07835820895522387
0.0037313432835820895 0.75 0.0037313432835820895 0.0037313432835820895 0.0037313432835820895 0.0037313432835820895 0.22761194029850745 0.0037313432835820895
0.004587155963302753 0.555045871559633 0.004587155963302753 0.23394495412844038 0.004587155963302753 0.004587155963302753 0.18807339449541285 0.004587155963302753
0.004385964912280702 0.530701754385965 0.004385964912280702 0.4429824561403509 0.004385964912280702 0.004385964912280702 0.004385964912280702 0.004385964912280702
0.0053191489361702135 0.21808510638297873 0.0053191489361702135 0.21808510638297873 0.0053191489361702135 0.0053191489361702135 0.5372340425531915 0.0053191489361702135
0.19293478260869562 0.6277173913043478 0.1385869565217391 0.002717391304347826 0.002717391304347826 0.002717391304347826 0.002717391304347826 0.029891304347826084
0.3506944444444445 0.31597222222222227 0.003472222222222223 0.003472222222222223 0.28125 0.003472222222222223 0.003472222222222223 0.038194444444444454
0.29881656804733725 0.5650887573964497 0.03254437869822485 0.09171597633136094 0.0029585798816568047 0.0029585798816568047 0.0029585798816568047 0.0029585798816568047
0.43959731543624164 0.13758389261744966 0.0033557046979865775 0.3053691275167785 0.0033557046979865775 0.0033557046979865775 0.0033557046979865775 0.10402684563758391
