0.005362152752282119 0.010524953707585962 0.03181862445761702 0.5028151151280666 0.14334163357803748 0.030745663442585884 0.008704253210162752 0.00863849524211764 0.06263474045791062 0.1787605714799586 0.014124563194141461 0.0025292333495334934
0.05749126448351023 0.08287814272582993 0.021582217555589603 0.19581706347040131 0.08716143207728755 0.016897202107250542 0.0009285101979425488 0.0575310949258967 0.03298115519175935 0.3849743804474645 0.013428284995406381 0.04832925182166131
0.024408810528653943 0.026112372762728712 0.015919751173271067 0.3449543083605381 0.01779252641441887 0.05955717911022482 0.008181564829281809 0.08069716667435527 0.04857744602368927 0.34463510861639657 0.014293619535627973 0.014870145970813558
0.030725794848749807 0.01389077700145459 0.024303005582395884 0.04481298954019154 0.08005851484321057 0.09422254528826447 0.014978813716777681 0.037324965882966694 0.008150669862351956 0.5977843342054749 0.015804674389133005 0.037942914839028674
0.0045001261039832085 0.0048619597916688215 0.0013504497962418813 0.04982555637606936 0.04137886420883544 0.0018318333041655132 1.8568689051840504e-05 0.026706456511410483 9.602416940644563e-05 0.8578022565138534 0.0016621486749297642 0.00996575586038368
0.15547990624196098 0.007501043263656462 6.4453286960925e-05 0.16184433802999096 0.0005229287900505861 0.03969383316158126 1.1320870945561334e-05 0.14823347383871577 8.35962676107985e-05 0.48608085842629234 0.00021429559521124255 0.0002699522270231169
0.0037829209808562998 0.06570883027710854 0.0005036145105916205 0.376034706453258 0.001346380808444939 0.033615240550850405 0.0022285032037534565 0.014413905608297639 0.03970742461406535 0.39901061483686273 0.015490559117482934 0.048157299038427956
0.0021421273814403166 0.003384850633011299 0.00017759413108733873 0.2596558706302883 0.004278720480543197 0.0450052783354466 5.371485491093932e-05 0.04746548042316011 6.383044102273828e-07 0.5461569941416883 0.01179503379695282 0.07988369688706057
6.104194509294776e-05 0.00121428971462537 0.05319352570330003 0.43387632366471895 0.007302330235317192 0.006410094927436307 1.3915820958331833e-05 0.006152695205504111 0.03378702713980801 0.448085851819106 0.006327703385027526 0.0035752004391051795
0.014887621074993057 0.015968983214406676 0.016587825031071916 0.0934173522720962 0.20000653566216497 0.012213631115245557 0.0009102573442790084 0.1734092683231233 0.013731496477054234 0.3679259715304747 0.026311934004546667 0.06462912395054354
0.001400943397309651 0.025159772844042833 0.010498078511861986 0.09710241646539204 0.017645668912430256 0.007204329157004937 0.007628054914889619 0.04479626235963867 0.07074948280915684 0.6213002311525109 0.04575613466569077 0.050758624810071845
0.0036432560360804534 0.005619017572060135 0.01238244022455891 0.40580319378044627 0.00794073586673784 0.009151036843897583 0.012890933744106938 0.07206905446555831 0.00021416787989815252 0.4292072553210065 0.027560499204419348 0.013518409061229586
0.026187801213098237 0.01270866457821993 0.0861057116459799 0.6750844682587815 0.0033460414751441837 0.008891978649507767 0.0008641011050839285 0.0014013279015500373 0.0003193765379268082 0.11472952348691574 0.03503359147746254 0.03532741367032945
0.006691198387714952 0.054665772796122246 0.0032709877378691568 0.06160349350688012 0.1926103112176982 0.021890419726016654 0.009031585870545276 0.05909217673898502 0.014975574224192547 0.5350712835322613 0.003768415138406063 0.03732878112330852
0.0071917213384760014 0.22197994598786638 0.024342593115155936 0.11454333341391605 0.0017842210943339308 1.2705538197330524e-05 0.0023698561512944466 0.04216255259663018 0.012773889127706543 0.4961112864455669 0.011994133975805711 0.06473376121505069
0.023952145372563446 0.005216779928065305 0.0013738022027208945 0.09078745372140355 0.02879319849899537 0.038631835851816364 0.1329325509779413 0.028849315347832916 0.09541526554119358 0.48079266016002375 0.07022884196914618 0.003026150428297729
0.014846683324200593 0.007321441803236153 0.01724740188158198 0.09074384750898354 0.1851709546230943 0.032244987129120564 0.0008227906200930819 0.04759831422606467 0.12148298742461969 0.18121130715848088 0.0383489318367609 0.2629603524637635
0.0012198325226038698 0.08111997921091012 6.658603887409435e-06 0.12749267696001826 0.09514458111989456 0.1615226271202385 8.602564087866054e-06 0.003978963708486844 0.029328946102414467 0.24749954010676992 0.10309176485472735 0.14958582712596086
0.0080338224849823 0.10694473607968445 0.0022808346308264304 0.052988544626047795 0.07776883852479399 0.02845395914730671 0.0005970526241114789 0.05562765009895298 0.06682834193099113 0.546604081128131 0.004546315503013749 0.04932582322115809
0.012231419537116968 0.07321607769262106 0.0001119344003060064 0.16276081982606475 0.045720474526325265 0.03687626059249162 1.3731373784509967e-05 0.024883481813124265 0.12634621999404264 0.44262568768658406 0.0009941433371484347 0.07421974922039055
0.002182916396007283 0.02376279736147792 0.0032453816648845223 0.2105224219569713 0.006306667041768984 0.012211513760175388 0.003810031129701248 0.009914827286432264 0.14194021139108665 0.54599162975166 0.03334511220694329 0.006766490052891316
0.01732368001444983 0.08955899128547112 0.013452864784084393 0.12741147281947854 0.02723370140458784 0.029052175123728357 0.006961986633745836 0.03157044631875426 0.007418688600125328 0.5870380443945079 0.01648165104373891 0.04649629757732742
0.048485993547561945 0.03591540992437139 4.822369428968012e-06 0.18831262269273985 0.0075567709820479655 0.004026408092231018 1.2302813644170915e-05 0.00018722347530232582 0.0004900217489756373 0.6761609418109464 1.9363947456291927e-05 0.038828118595293996
0.011075100797837387 0.026850618289149454 0.01056606171893634 0.15673489582661373 0.15555630779809004 0.24324557440811737 0.01289856166857779 0.0052946396097949796 0.008579860808482179 0.1977751188090516 0.13121859144580827 0.040204668819540774
1.5780614129208846e-05 0.012020248932360663 0.0016629600978405733 0.03669038823844112 0.00017392809697571102 0.01634062998517426 0.00011252157137753506 0.006533846591094012 0.00015083634004079034 0.9249706769915204 0.0010716445901729488 0.00025653795087285185
0.005905780796205149 0.03313594576649869 1.5636872621938205e-06 0.08274674707955788 0.006562535674006581 0.014926423414297275 0.00036177043772880153 0.006323602428885229 0.07518272285961523 0.666889535963697 0.00013548364310684278 0.10782788824913912
0.015304145298747369 0.014581109917128096 0.02075849729108969 0.12212408726467547 0.05609034933286087 0.03348080334288176 0.0037718696542632445 0.06854972343138517 0.0999721112811531 0.47105154496033985 0.041503994565189495 0.05281176366028583
0.0036502976180933433 0.020001075919034626 6.796038722033437e-06 0.1615459677793172 0.05185806678000768 0.0023997614561854226 2.0469296380151945e-06 0.024800775218081692 0.022199929209028125 0.6448507854968665 9.260561899108011e-05 0.06859189193603443
0.03851179875218448 0.04539742283019686 0.016425332498170624 0.19494781789188173 0.06503551682623812 0.006861277162110924 0.07590916361599079 0.0046895582189204026 0.004486612417358817 0.3319541202872903 0.016200519739000264 0.1995808597606567
0.04319788909171806 0.008502693905443108 0.019298061242874403 0.10814778970496956 0.02154248108422153 0.040780704688905434 0.001117295915104826 0.027866979670704534 0.06459132625051144 0.6136065637370075 0.007889160716621352 0.043459053991918316
0.01811964769775604 0.09507637830208023 0.03715076333676152 0.2767149852943371 0.009188164359782178 0.011122845261282582 0.0010785368387160699 0.01804067241742278 0.043393473730128515 0.4127936930277787 0.012504094947687523 0.06481674478626676
0.0154688170931997 0.03601206308912638 0.006793033822991224 0.08566452564301918 0.05048205006251534 0.042094168209707045 0.00030498167039222666 0.04462509143443348 0.029731071561571173 0.5726347007061354 0.008358120590806085 0.10783137611610277
0.015010821713544484 0.06237096480164785 0.0003011217011728995 0.41728821725997134 0.0002893870137761806 0.001122429327697998 0.00011886360567798908 0.00025669624612801174 1.987424569574563e-05 0.4398999854717434 1.045398089806078e-05 0.0633111846320461
0.019651711519064245 0.05785255379289861 0.012918365814949977 0.094501089881325 0.11613180235097068 0.0632438784272636 0.011135431315436827 0.026415458019313897 0.059040181751371636 0.4579859466731172 0.01830277213486673 0.06282080831942186
0.04365907128074951 0.11280609496272903 0.014491724515554168 0.04058075088007603 0.09156149508280785 0.016623238717498358 0.009126980655739733 0.05948609165518523 0.1078500587520404 0.47927949831064504 0.006996804902806162 0.017538190284168607
0.004793685745470422 0.03704452254084225 0.00814559268701122 0.22947185023912212 0.19959790510909928 0.054092954587983015 0.00040699084914539693 0.022015600243708546 0.005824001121882641 0.3943988630588957 0.04059803213253412 0.00361000168430535
0.00975350003112325 0.02905955566397482 0.015916148855514334 0.11815693496359223 0.03619549917790648 0.01823218005267615 0.014702083638196745 0.007934165084012762 0.005434830533131313 0.6815605182845834 0.02587508072119442 0.03717950299409445
0.0070777753189294485 0.00727494479691187 0.0011144537128362272 0.11564037560699834 0.10441056947937301 0.0421715416575858 0.042647900605728574 0.06210841144721254 0.0423072676853564 0.46905520671687406 0.06186810473045335 0.04432344824174048
0.013812089905009234 0.011077234705692059 0.005959416507883414 0.16290286187909844 0.017196573164647826 0.010922506604352464 0.00025549008391655056 0.11366162519533277 0.031092850055149744 0.5730337772912386 0.0039393128516041894 0.05614626175607501
0.008326732623631646 0.03188696110509414 0.023752046999856377 0.30361335200188616 0.012281992886928874 0.04687242426544309 0.005691415022767651 0.005848527154757962 0.0032407749640229752 0.33743039309479894 0.215403619821991 0.005651760058821103
0.008450682213337697 0.02700257638093562 0.003398288457999349 0.03089800589972667 0.16107177558167748 0.022411161431159843 0.00040302823615030406 0.1635945028929622 0.03838126300611596 0.4824335958302271 0.00015852569540509534 0.06179659437430283
0.028610507091103677 0.0025080556795521658 0.03525402828814422 0.0059307684667143324 0.042122534204727106 0.1082150378420174 5.297516522355796e-05 0.04518124715254984 0.019072353230128323 0.6745447100975192 0.033879510153887536 0.004628272628432665
0.0006729177055954587 0.0971042592588038 0.013690867357401597 0.41542088230742563 0.0009984744366452669 0.04611900658441534 0.00037303264319767587 0.017133016954494883 0.0007438222430520673 0.25494062054075817 0.14097252532768748 0.011830574640522746
0.009339802230086923 0.02146378866836685 0.051424115755519806 0.35303857880971834 0.013027862797081373 0.020453257872299537 0.008454768652045908 0.011656912529673429 0.018501503841115804 0.4205674770255822 0.026256570109546552 0.045815361708962984
0.00011749454252719916 0.041372168074290776 0.011152657779444386 0.05402725559423964 0.00011922856579537137 0.00019918277392070406 2.434494669325882e-06 0.014883193042542363 0.0003094392881265415 0.8256243186693398 0.04993101648746397 0.0022616106876399613
0.040842830881131414 0.019334530791898542 0.03275386183097341 0.1752110221344394 0.08697469271463215 0.043792802548370695 0.005183410917272592 0.08038375487394453 0.017156355292452574 0.43677409695345376 0.015398706620357855 0.04619393444107316
0.0012948751091213402 0.02502976037366979 0.029137484434104854 0.01771965833697573 0.0015695730991034389 0.006771747953649223 9.638767043344572e-05 0.005506149479274134 0.08138365161439656 0.8096860934812886 0.0025418892685988305 0.019262729179384052
0.016748928504100435 0.03737421305047642 0.01757788812770065 0.16066479469681283 0.03662938642037989 0.1366915093241979 0.002426589814200434 0.022564998182125155 0.07423537152153165 0.39612436557502745 0.011825189685470963 0.08713676509797634
0.010780157534683223 0.0229876364034296 0.0014157683683017378 0.16233178526932243 0.03315503002836444 0.0538403004157899 0.0014128257959954552 0.0017123854769736263 0.02189849864507143 0.6557890520153947 0.02676850599979472 0.007908054046878651
0.014933848507613897 0.024202949562120466 0.004427446466354559 0.11913573439996047 0.07043438683824393 0.015203414226948932 0.004971435794355868 0.16290583861466326 0.02202716361110681 0.510930229575552 0.028587402799151392 0.022240149603928217
0.0021943313277765246 0.05715207220344345 0.0030326881252585518 0.030747510339282153 0.09053059823655063 0.02992467514541214 0.00038740325149659095 0.012213097913620291 0.011577204513350845 0.6750483646392371 0.042691525523841055 0.04450052878073091
0.033691413736964805 0.018569209460435648 0.0007009543030867716 0.03266934633028397 0.02027290939036366 0.21683656967650752 0.00033643281275368 0.009208524427026516 0.2058494306029113 0.3972719037883412 0.04220971190030496 0.022383593571019978
9.036989046796716e-05 0.013134991217410243 6.873903695317526e-06 0.13468729250147474 0.029967749783486562 0.0013985938316091655 0.00034123495428901553 0.025920237666312212 0.03126356908199818 0.7577131996717651 0.0005406087062361501 0.004935278791255343
0.0021986394474760363 0.003534719560860011 0.0030200365750271707 0.16927166660000778 0.007841082884526132 0.006359796472457073 0.0033821829610512404 0.023241557448418923 0.11784179284092243 0.5582415636484918 0.012729852182372646 0.09233710937838882
0.012799672062869014 0.05699163134816252 0.00023952778037338902 0.07688901683183941 0.03142174120103042 0.014229317359368273 0.0012249592873835105 0.016757004650759223 0.006713268365894031 0.7068784683833367 0.012940464093181175 0.06291492863580217
0.021765743249114032 0.06181023979284612 0.0004730883074975191 0.11057320732710464 0.028045134413527333 0.024818936242816118 0.0030325312390956376 0.011587926584849107 0.08901942546119239 0.624456413440877 0.006636746814139731 0.017780607126940403
0.02069112580748576 0.0032050707520656536 0.01865842701183579 0.5935395704488317 0.003114974568465251 0.02735133228548553 0.013466558467250523 0.013998043383733633 0.06205053440471181 0.13688620170524854 0.10224151190193083 0.004796649262955549
0.07285783526145995 0.017124687721905972 0.009662023172813181 0.016885313474761868 0.11249938123746904 0.077700914260286 0.040487004463006536 0.01337636556309276 0.0026960841711776754 0.5612587262233958 0.04840616038430417 0.027045504066327292
2.5328631863758764e-07 4.941098817269134e-05 3.7686990271247756e-07 0.0076741050665431335 2.6347283950025366e-06 5.8291056536562e-05 5.132182514610019e-06 2.2444750377366043e-07 6.305181099335604e-06 0.9921355009819176 6.756716043961534e-05 1.9805065627722245e-07
0.003944692277402353 0.016370987044313234 0.07070903144450799 0.37293317667176606 0.0167708981854001 0.032206330033208906 0.002368761821340165 0.014681289064418998 0.000136012349541547 0.3063361461605961 0.16031194892973605 0.003230726017768585
0.03272295528078242 0.0052457548438786215 0.03870635736351225 0.12140789416898691 0.004091921065856837 0.05459436185145673 0.009770030527655335 0.021511480696281685 0.023931479384642972 0.4972025818467968 0.07418681405647806 0.1166283689136713
0.0006761962046418669 0.03178007823171516 0.06281315144190229 0.03775422274853191 0.2615848843536402 0.01670313148896663 0.0004082065513014717 0.03674011299765753 0.0038836267393972234 0.4136069221827856 0.10841121661649203 0.02563825044296824
0.011538283822578235 0.1266423325107738 2.9423371011579995e-05 0.16156594639071806 0.0013075141700479471 0.012591343779292986 2.8596670720482604e-05 0.002447082983314535 0.006320050917263258 0.6414082811049213 0.00044846895391500703 0.03567267532544286
0.026351041338198183 0.01200977811969541 0.04530209450038609 0.003641914990418492 0.0697057116659615 0.04494224183202639 0.0017626685769340877 0.018819709378999173 0.004509841980768619 0.5348982468161193 0.0825077416283026 0.15554900917219017
0.01131381169808992 0.1578567817017075 0.05151123996476173 0.003908192432219 0.12047638005840672 0.03274658752762801 0.00437722900784701 0.022771155934771362 0.030305551891450924 0.28555156033122037 0.1771113074279395 0.10207020202395772
0.05901021541949884 0.051415500166526774 0.013913106976773781 0.09059153324914498 0.050844834855905574 0.09144665628433261 0.00371156129751693 0.02697926979559407 0.03957041090272001 0.5224859138413509 0.012150194364373397 0.037880802846262565
0.014897365576464377 0.02210897749114593 0.009430519475574885 0.021834749569922086 0.053221077707376295 0.02518132138243837 0.00043744599226236414 0.013895617684421576 0.021801717778576743 0.754793671600203 0.016558542560363793 0.04583899318125117
0.031082760516390487 0.04070293228234618 0.0189844264655178 0.3497320323293296 0.12967276666050018 0.01496653677677433 0.003738903584941626 0.015142499710151913 0.023405858263413213 0.2634764990013992 0.062022436232598996 0.04707234817663635
0.06643354587708228 0.12755127515112927 0.08062500813177506 0.03985777058968103 0.22359197898117047 0.06583430557896003 0.07486813135270752 0.023214569198313686 0.0125927652926575 0.1365252568219941 0.08995397013921258 0.05895142288531656
0.00013481239049449473 0.06328606248099695 0.0007642458505400326 0.03954499151131936 0.00540843799205813 0.033123902697425316 1.7733251897778353e-05 0.00011763844884871248 2.728297446941094e-06 0.7693648600226304 0.07923138439381847 0.009003202662523467
0.023279243384450494 0.1490298785106215 0.0002704289147794905 0.046924086714174994 0.010818421313549726 0.028428362568365523 0.00036136984201509524 0.21436683142007745 0.0016274495763283331 0.495103375363118 0.016515743934115406 0.013274808458403994
0.012639221126988561 0.0665555095149117 0.01817639978492993 0.3381080926616214 0.003537105814270699 0.03348168739388958 0.018310922336167934 0.03408624111820604 0.014416279541461182 0.42993594992801604 0.013689053019342257 0.017063537760194404
0.034182799866640405 0.07589790829130164 0.0013561111817706223 0.10159635988522281 0.045085231447039714 0.17095242055513218 0.09335459729120052 0.10120869287509913 0.01627967786376188 0.2963517820693233 0.03556485128121171 0.028169567392296164
1.3114482180594933e-06 7.296540651553696e-05 0.00035189522496425704 0.07274362916933338 7.837926549872803e-05 0.0005698110938351687 2.5210160337273295e-06 8.498689788055505e-06 0.0014405984815474599 0.9245670527519189 9.462179696025341e-05 6.871565538660861e-05
0.007096841954555451 0.30551906076093654 0.004352060720945209 0.004165909902861241 0.020046091517614363 0.018845643266119632 0.003399311741748786 0.00719660457857284 0.0002545502222435414 0.13555808255665175 0.05135761034835177 0.4422082324293989
0.009064937202878388 0.0052953049216264425 0.0014659541656341934 0.2286556701430355 0.0034499544461859635 0.0013730574911097913 0.0014963554028030062 0.041599571690616274 0.0008977018744643766 0.6544728597737242 0.014795169375976542 0.03743346351194534
0.039414212303306356 0.07318066250143114 0.10578921178195233 0.009932074747056405 0.02402227850383325 0.01716013270950949 0.002954872667394445 0.027187808034755862 0.0004832069766377857 0.5395249761854612 0.0899762936927441 0.07037426989591752
0.0014880498608885202 0.013340721975544015 0.007559125654681206 0.5256464189459266 0.06309760271847763 6.496189780033319e-05 0.009982425910923208 0.018385628616337378 0.013484789098393344 0.3449848673481913 0.0010229263624271629 0.000942481610409183
0.14017321122110865 0.048805770107559106 0.0006214228740822068 0.1969093148878624 0.01674543602975198 0.015862216975623573 0.006472187203616346 0.03307594754299972 0.0014738170576521035 0.38473246617282036 0.06403312326406467 0.09109508666285869
0.016345213718854557 0.01066351274565049 0.0023286570833488487 0.7822420187162143 0.007009319419964751 0.05263095872075364 0.005963937990401578 0.03735648134439268 0.0005081548480721573 0.06615568037139574 0.0029625756664835275 0.015833489374467047
0.04700220317581673 0.006794504131581286 0.014594944751347802 0.0054586630207750205 0.00023133844600675655 0.001882311665978534 0.010779867877625679 0.06998762075107308 0.0301597983178241 0.6121006354658606 0.022834654913788385 0.1781734574823219
0.020074963655780195 0.2712648073653067 0.029231272586664723 0.0015615861647502644 0.005049290436414482 0.014034299609793806 0.008079566218671876 0.06183914947981928 0.007466233683377388 0.4691039949319271 0.04833221654495598 0.06396261932253819
0.018812214751794065 0.0826800199899156 0.007817863461980755 0.08816268682874383 0.05597873152332735 0.03808567180232097 0.008829901366237475 0.029417713135595564 0.007353453929756851 0.536891752005563 0.052787430003591575 0.07318256120117302
0.01121919407771769 0.2879861820751298 0.00019990991045257904 0.14382528029538794 0.03132871832793017 0.031248076230251578 0.0011761915778127814 0.053898927364293685 0.010030566481614687 0.3097516879949153 0.007994991697133146 0.11134027396736064
2.3198093246732207e-06 0.0014712636835190753 7.63299107402884e-05 0.22303280143140003 0.00032242531598142954 0.015016763315566792 6.251511127290304e-05 6.243286625932587e-05 4.992337254764614e-05 0.6110903667064428 0.14817539717067615 0.0006374613062688132
0.0067697296356016715 0.0006499270979612696 0.024573144988985895 0.28841435183301645 0.03772884505158233 0.0072645746875958355 0.0006734356060548325 0.006653687609061713 0.0006373862292247161 0.6105944622067767 0.01110997971117895 0.004930475342959435
0.04297894237591715 0.037450136812993216 0.005050835913433016 0.1503195551372555 0.020462419186018748 0.0556897755575364 0.0028039955645223556 0.03189625734361037 0.06029230132883375 0.43411747628680697 0.05609062909742744 0.10284767539564521
0.012635620742661 0.04961323729967225 0.05210805258426703 0.002023684318989133 0.030603803071610806 0.22829676288755096 0.014351043486766444 0.004344943694957882 0.039772139546483364 0.42201567445203264 0.04550512600751572 0.09872991190749283
0.28698559294884174 0.00643598798129109 0.015898185702384618 0.031850296347056065 0.05222495402149054 0.03625138045740559 0.010163145658643461 0.03709890617246527 0.04022291489912866 0.11189427242987823 0.07132626067945697 0.299648102701958
0.07637577442363748 0.02589536484875729 0.22621648022522728 0.14314690149873982 0.02038933925255033 0.05699174161867237 0.0070296973213790645 0.006961209617578212 0.004399843077134505 0.1308753138771611 0.07302411113887906 0.2286942231002835
0.2587385154140555 0.02311128321847875 0.043077963886099475 0.06959355973607148 0.11696732145937822 0.018727488713044846 0.04463269619809199 0.051858318866398107 0.06114107806156592 0.10775236072166158 0.00360709192925521 0.20079232179589893
0.13757733576165085 0.00024722533853022095 0.013266064710742195 0.11579963320017565 0.05527193422356185 0.051541976197191836 0.016335080802168847 0.11456250680503474 0.0005650603481148697 0.04253057188523513 0.04457500410488667 0.40772760662270713
0.10189213216777787 0.052325860156687165 0.1448454245672087 0.0246227633628478 0.025807634872672347 0.08367414380521461 0.11644028170325428 0.12765753437255822 0.004375666525203599 0.05630596345337901 0.09130517410733346 0.17074742090586295
0.0015398513924617056 0.2163392591547299 0.04896043453623544 0.03584653310494381 0.006163483920574764 0.24916826688678884 0.0012098265634583592 0.04730217685459903 0.0007632212772154853 0.09590045706280066 0.0007737115876580663 0.29603277765853386
0.11180362490867132 0.018318298411784062 0.037481034473575814 0.014642154351125017 0.02530977194098015 0.12577203107679574 0.32922906594542756 0.004092157907122282 0.03139646344377751 0.0972668097853591 0.02858587353709968 0.17610271421828183
0.08523256055368045 0.03716980724964011 0.02101403729767511 0.0018964847681603911 0.16991087203245506 0.06698801906457588 0.021174364333978134 0.00539785068988546 0.004021612621006887 0.08578372078205111 0.07392990480582172 0.42748076580106964
0.43668724351995797 0.17220891604979618 0.011453985925229476 0.003465287825723454 0.00792333033778431 0.0004238694765714397 0.036804875316871294 0.01038132242217988 0.2524231139567296 0.04645514342185904 5.8918101344723824e-06 0.021767019937162888
0.039578235677754856 0.11645504572700133 0.06262164000885667 0.00025853429398250375 0.0008941100742585319 0.03972628904666676 0.000830149895939775 0.1361197314340115 0.016037437214318103 0.08039200678611774 0.21353541367993206 0.2935514061611602
0.04320201890376985 0.034687174634321506 0.03744509256605598 0.02364312105208331 0.10595116917311187 0.018524102126465023 0.05413124842436257 0.008939518709161662 0.02522368437919195 0.09581720187904443 0.243726447883247 0.30870922026918474
0.04339582276538667 0.01730667664985704 0.17424367858681106 0.02446047956987384 0.05797027691763057 0.031235825450519 0.008932413527460801 0.07107917898451177 0.0025610374990578176 0.2807086720508082 0.029613339471252942 0.2584925985268302
0.3108835798544705 0.1357800824239103 0.011952263247234068 0.04209540631628229 0.008648427601438255 0.02876040172582593 0.04808181280349604 0.01076003333853332 0.08838063201344702 0.23760149138284886 0.02228840009901906 0.05476746919349448
0.024082481820627444 0.06333145880554306 0.004971807767647385 0.009778811233366935 0.0008039337755049371 0.0022878102475398475 0.0539314960286673 0.0025938076210719075 0.0012670122020717028 0.07005818594620672 0.00021618781156227705 0.7666770067401903
0.31760826419929655 0.01165679858437346 0.0032933866728615106 2.106696406236701e-06 0.010478772249253858 0.4140177042762017 0.0168735624608007 0.017202472828413414 0.018577133651945438 0.030736755383019933 0.0001063143959445572 0.15944672860148276
0.07138986982544926 0.013213863202333103 0.01125698639403739 0.00036358705805024757 0.02283210827809412 0.035818928742627716 0.017961764656178804 0.05940466042559538 0.01123074699714084 0.292497431090173 0.021724360362963175 0.44230569296735706
0.13115881338523752 9.079885144581379e-05 0.1858250530744095 0.0007672558357983597 0.04392284950453965 0.09580454600775748 0.013318950774097648 0.006084239638780704 0.0005227147729181328 0.015815016187115873 0.4485558852156208 0.05813387675227863
0.04698389724409028 0.047584385445915686 0.02724535694200921 0.1450149223518232 0.0031263871040521835 0.03425047414789179 0.0036298699792047156 0.009750901775611227 0.06808235501808269 0.15396668465090074 0.028810782695264808 0.4315539826451535
0.0021599972919905666 0.03750617128380052 0.08308043844596644 0.004996685287712586 0.00633936122044911 0.005532728116925574 0.0009827497377604907 0.06082002861774419 0.007873525906792167 0.3596412301883134 0.01346298217481772 0.4176041017277273
0.11108588355489069 0.009778950680038421 0.05883553736981896 0.11769590860074643 0.1160600022379539 0.07082669268868351 0.08462933120472343 0.05128188447062437 0.047850084895183304 0.13611296656570607 0.02379970863614522 0.17204304909548576
0.07155611356854814 0.19270404135243233 0.005657719382619063 0.007966819906864384 0.08619544579543731 0.11210062764954777 0.0013868680894368111 0.021687884107788827 0.01658428359559378 0.3446008299672157 0.012556899433559832 0.12700246715095614
0.24087485002617193 0.015833701642070402 0.011025047762552411 0.0003300770504229049 0.023780036667048886 0.1060732444532201 0.00014974337765547442 0.009047925955432388 0.0073041057227477505 0.3872905060517733 0.016749952323021428 0.18154080896788308
0.10703339519924426 0.000252365886611781 0.13313394128627862 5.227101770571948e-06 4.348168181902168e-05 0.004662912224285418 0.00036917933829784376 0.00013143724748661454 8.225145501389783e-05 0.007192699958568975 7.133411812310095e-05 0.7470217745024998
0.051319788843753586 0.009335620846754291 0.00972221822763018 0.0812521826764075 0.006934864746782557 0.0006770549756683874 0.025424185506973913 0.6247283768785374 0.002447511937138877 0.09838193549287415 0.01313070490070924 0.07664555496676999
0.09882279501451782 0.04901928234846761 0.044622415200721854 0.00037539824808780994 0.060811002719408855 0.012361689054455395 0.011508438749248721 0.0179560724974091 0.0027258308666928397 0.03454869727236342 0.1533214084793594 0.5139269695492672
0.25708938575817947 0.1863155299182376 0.0010115645835140348 1.585839522033694e-05 0.0038815319775610986 0.0025962687890671307 0.046368293916406456 0.00037415363304206084 0.40791374455226753 0.039953605562383296 0.00043634070956558637 0.05404372220455531
0.051135993412237235 0.261016131711801 0.12981943247838879 0.0002028847676762003 0.10179310438379559 0.08197017985319781 0.03215806201446134 0.004481162582752838 0.007199990933669155 0.13070687655064953 0.03469335594446725 0.1648228253669032
0.022093545551390724 0.2914796013541999 0.12989365420511298 0.0001964622581791822 0.1020944261741236 0.10838849893674976 0.027305473546986533 0.004512282468557778 0.0022760048339425082 0.14860447206726093 0.028770601950470175 0.13438497665302598
0.22736660605238757 0.028370179600909786 0.006167351970195977 0.015398336930320689 0.015650396934378898 0.13994021200702367 0.0114663242929676 0.10694563361849968 0.03517081059137048 0.13539914402775957 0.029605835100933415 0.2485191688732528
0.01624409151745024 0.06593800510512575 0.03607503302368031 0.18994852773735665 0.012287767170700691 0.05602442728912577 0.007736993487941761 0.023604780399045608 0.013901878690092807 0.1496602222461188 0.21660202205350673 0.21197625127985487
0.05101305073229622 0.03466267951083104 0.030933705617985325 0.0005246985137335232 0.02481887990797538 0.10802257985277326 0.14386722880227573 0.03772483733596921 0.10118015104334042 0.43252268550913225 0.00870865298560983 0.026020850188077788
0.05987319370620783 0.01989833229384907 0.009789330059545366 0.05013351372374412 0.02579154133665652 0.013436905517710896 0.03696085399396813 0.16147453208098225 0.15318421964422665 0.24624333066803167 0.06959704645678859 0.15361720051828898
0.0028730600325964565 0.0003272734337546202 0.0025152429151732193 0.0013075540328614868 0.0002651386577230883 9.932358044655631e-05 0.00794776059710593 0.0015701864839362367 0.0013046834119349142 0.909479758583248 0.000261566226040574 0.07204845204517896
0.08939604859125447 0.06603964556671121 0.012684535815399666 0.0035569002148631975 0.03617926433015817 0.006281060692229553 0.010578647403086585 0.13403928317117503 0.028151910967729843 0.06644393783620743 0.03139559178768106 0.5152531736235039
0.1128138942213311 0.20868035455953352 0.0034530776531398696 0.0006065104807681526 0.03127570832241184 0.07491098162669045 0.26706781036135147 0.0637128692565367 0.0027536579793906724 0.024989755097195983 0.035037706496260146 0.1746976739453902
0.04285028478263987 0.036663414696133136 0.01236674360133641 0.004598020887912676 0.001434766553341061 0.011283140291676418 0.0011144573824146704 0.10990857026255352 0.26430518864125174 0.13568743468408628 0.01472331269739139 0.365064665519263
0.1404833600211667 0.011291206893194187 0.051928534669544196 0.18348321087431546 0.013376738642861492 0.009977011414371743 0.05254071708828791 0.04086245464826127 0.2084101186050899 0.05738695774170447 0.1401663708295213 0.09009331857168139
0.005194234004329592 4.369613027657556e-06 0.02715976019479678 0.010151806067552322 0.03218197188203695 0.004363848290995535 0.006319221981006977 0.08873392980140227 2.5859993005533064e-05 0.036111945483793026 0.01946231467380452 0.7702907380142487
0.04240848952564065 0.04823676079701987 0.0016763095305158977 0.008750371365218392 0.06288059969533216 0.001218669139391952 0.11925588361460214 0.1423458676882804 0.0434127337732802 0.04733674754821173 0.0006725955960740447 0.4818049717264328
0.15538720461672692 0.026878660040426983 0.0024291896757862174 1.924324121460936e-06 0.042287037499732824 0.002514024456096519 0.024326706240356582 0.021362916607546637 0.039192126851440065 0.17051928052713547 0.0003430781223725848 0.5147578510382578
0.11624012701634935 0.07069958390398443 0.013089252723791352 0.000882086144747656 0.018947018012134532 0.02856004499407358 0.03665100215875277 0.032129668604903315 0.04778988573162288 0.23476215494640537 0.03770409061584471 0.36254508514739003
0.17470375246480538 0.00044581699838936367 0.0008018730795938631 0.001583968916238771 0.00013569951936020025 0.31376405912295424 0.12765212502107715 0.0003975259630961531 0.000250492722369201 0.33679020579408553 5.1347293285098594e-06 0.04346934566870166
0.1269053506283144 0.005607443541588471 0.054153157409230386 0.012111508401706082 0.16963888420539616 0.029266672049509907 0.02814194616921486 0.3164297255521789 0.0008442008715776201 0.08339498555089966 0.0741632233002062 0.09934290232017723
0.4122666066924807 0.07028500971414783 0.0008584206275155073 0.016642035407405966 0.04947113362179515 0.008074803371453559 0.13364273785222214 0.08567085624668008 0.018651169679248757 0.06830181607551912 0.0021712953814720464 0.13396411533005903
0.019727913516173815 0.014888606583003417 3.493668893969754e-05 0.10187202307221076 0.00025685793034029426 0.02451540334940337 0.05759500967516111 0.00750362997426138 0.017116373099371644 0.7147191463499343 0.015246252060389045 0.026523847700810805
0.03582514082779591 0.09697872046563433 0.012304958839879875 0.049388731590666125 0.10907148062848408 0.11025794586699912 0.06237043569715798 0.15101811567275425 0.08834096858038423 0.06201204519039307 0.021431560680813207 0.20099989595903786
0.20232283730417372 0.06971888684759597 0.10040098808556937 0.012644581764905278 0.016525986535598797 0.0242354957644253 0.05379405595127815 0.263125887999686 0.026946629992203756 0.004533321404217411 0.08806030780178897 0.1376910205485572
0.029610207261017978 0.5597761377834288 0.012335797874426383 0.0010705849892187823 0.031071042785595734 0.003524891032257005 0.1295142263731677 0.015925204682842458 0.050076554787517706 0.07669494753720131 0.09019562351827302 0.0002047813750530427
0.00041638257383384164 0.031084194708010895 0.0018019885713014053 0.00024648257318942574 0.008660098692667085 0.016241778462781357 0.26841257283895414 0.046016379583931344 0.4860835590345186 0.011831620528443306 1.9141953153792246e-06 0.12920302823705307
0.020054946179960793 0.14323763233890383 0.007993217271891659 0.032688926219141226 0.07983436011238049 0.09473732367715951 0.029379596442777454 0.033853773603639295 0.08559920333211958 0.09580557246632573 0.028888971605478212 0.34792647675022215
0.005800788741796775 0.02584239424324581 0.0013815287690661395 0.04233967074589509 0.006319482885166371 0.05415606728245622 0.005228829344006992 0.020151057518024706 0.027751752389723855 0.168261474522539 0.017569780376264013 0.625197173181815
0.2767557537819469 0.0004346125962465227 0.14652333403321324 0.052236116332384876 0.09303882020973361 0.10179085696448373 0.012755349310555896 0.06593976725344457 0.03331713299680163 0.029985205543710695 0.09972209928440903 0.08750095169306939
0.17774525220850373 0.08289930538753694 0.01805529602400662 0.031024155153565443 0.10548400683944424 0.053877792994252535 0.05972461441169578 0.10165653137334882 0.028476808659163248 0.04663369458219057 0.015524838805456437 0.27889770356083565
0.010642291719495498 0.3972200622030567 0.15236532374463835 0.00024970406906045024 0.14703519001372115 0.1186013891020042 0.005723870091760711 0.004501754274855831 0.0016633750670449962 0.06934170180588807 0.043540118697530945 0.049115219210943195
0.19318257942211178 0.03562335737731739 0.0071247929287165624 0.026858474965851427 0.07351449864577697 0.03177121939701525 0.04037017573192783 0.1591167337916623 0.0014958609644241765 0.03129884617715386 0.31831419613882955 0.08132926445921276
0.10084091308583294 0.016169862337011363 0.05904118391676111 0.01877981364845021 0.026111338120064043 0.008494775013501193 0.14096079977039913 0.16105279572184428 0.020124972664296387 0.20384845214651645 0.02151282033461826 0.22306227324070457
0.15144294457306795 0.03178075355563983 0.04130702088873998 0.003028603809344718 0.10362867965986974 0.04296721317568702 0.00676476885577929 0.05872935527771996 0.024190961333946576 0.05373599978364665 0.3402829886781307 0.14214071040842746
0.013009072501552883 0.03370596627943599 0.014726673549305376 0.005370801407197744 0.04779514097742491 0.017032988366127936 0.018480063432050352 0.03186928111487234 0.0011135028484033913 0.7688791221285914 0.0066532114012627045 0.041364175993774975
0.20027964699071957 0.07345184142447933 0.10028373403419104 0.029950047359379037 0.10113401228968819 0.01756464283686486 0.00013746208796639413 0.012441252906002658 3.103085871864525e-05 0.21417686840265807 0.008708286451787457 0.24184117435754476
0.06295334383366306 0.009603057898303374 0.001846104628788038 0.002632128067537296 0.01791268547307523 0.008019748776462821 0.03158877840795342 0.09567672484152798 0.5371914704042287 0.14557992639942618 9.717293464664215e-06 0.08698631397556933
0.14425250959056599 8.265140219548816e-05 0.00980781149475119 0.003550544182813942 0.07569820980509377 0.0008447040576222498 0.014557985975899903 0.6738421806846592 0.014881775557689441 0.022155310965113365 0.0008789247278132797 0.03944739155578235
0.05378832346071045 0.03525887676159328 0.14249159306398287 0.029390034713109654 0.0627638983508668 0.04099582152323609 0.09937926763811548 0.2739756204292493 0.1122714848295484 0.06718780398403035 0.008052071589467597 0.07444520365608974
0.07650291892830278 0.01611340112060768 0.07559552452771491 0.036860663217602944 0.11618224961749683 0.05434791286525824 0.0044718367914437914 0.17520199005514375 0.006644635346487643 0.012055981591637099 0.039076198276924004 0.3869466876613806
0.36504312857990967 0.09257313089645691 0.013752467116936675 0.00884299974215903 0.0810779929319514 0.0004143436531961425 0.013973960557856338 0.08795251408015069 0.02173081125317923 0.02254242362341457 0.02605431924218553 0.26604190832260377
0.005510764171524349 0.07071114290970044 0.0007456153423679306 0.05353654679947899 0.004724940202703849 0.13950658548175088 0.0018929035470268978 0.07940244659119683 0.009393928778724168 0.30609004311462285 0.06160636295293341 0.2668787201079694
0.0 0.0 0.0 0.0 0.0 0.0 0.0 0.0 0.0 0.0 0.0 0.0
0.13843154522870224 0.23038228672848177 0.020078465704783464 0.06668902412034618 0.20271483033957358 0.022112920521035126 0.0021726880112838427 0.04652315500974774 0.06244385729823211 0.060793553734766755 0.010539010033142187 0.137118663269905
0.029177889782462323 0.05597346479159332 0.0009170150620210587 0.01573529958516896 0.013968476073913872 0.020172567582769994 0.02901518641951837 0.03989434511563534 0.2319361048936864 0.26016040698444365 0.01785418860961874 0.28519505509916815
0.17324072675250282 0.04440406587038341 0.049423889338415954 0.011196501085283904 0.25501129470690903 0.12824540105715823 0.08639721883819068 0.055150743168957524 0.08955031769195174 0.027713310855890065 0.03740612863947644 0.042260401994880285
0.036791635470647406 0.6226036703350052 0.0002853807336500368 0.01975737072538491 0.008857439671597293 0.030931309777993146 0.011809813581049215 0.017489425617878217 0.09314660202358492 0.024902218777878408 0.007198662429827452 0.12622647085550368
0.05222393360796788 0.03820413206789786 0.0584755974145105 0.03378319491402894 0.17711933040600805 0.014756099160133596 0.08347419579610313 0.09489683741239323 0.19775766674511341 0.10185582081704499 0.022770432870984236 0.12468275878781433
0.04971804027490499 0.0264074818769059 0.024531398002901036 0.0060509068223388775 0.04820264326012023 0.06635463617028986 0.019997947479609066 0.029812317231049025 0.0062893725304216785 0.007588358299907618 0.09314890528721868 0.6218979927643331
0.1707379372944834 0.04195775226408636 0.021443958184385374 0.02036416180029978 0.3268585159338422 0.01179485284560965 0.0011318158974523965 0.029266198591673738 0.01322434217960455 0.022036249874716297 0.18157581626504443 0.15960839886880185
0.1808675608279125 0.029312927022162743 0.009963581327692338 0.006482827631955766 0.03294946017025436 0.002929392018670389 0.0019868800581389684 0.39110469630717093 0.024434214097538865 0.03575451276774164 0.017540104346592297 0.26667384342416905
0.6100311543802093 0.0242599365311427 0.017418601275592926 0.020297063862766068 0.12393116032566201 0.00993557447382674 0.0025829988097930225 0.046260015650464476 0.012615365017557832 0.05726339095741039 0.015038950392032851 0.06036578832354149
