0.15878626428135142 0.003109670860976934 0.03792955775359192 0.044963307407371575 0.0073627403476702906 0.04395707938915863 0.010841090461972548 0.0009460937752807377 0.006229843215706137 0.007709811125318174 0.05071598684689976 0.6274485545347018
0.06348259055420408 0.009878461256239165 0.031518135256855984 0.018903928053232877 0.08404607850896792 0.01014554975691828 0.05908756461851929 0.08253450780341806 0.07178972668343893 0.0050221734996154874 0.03450383378343029 0.5290874502251596
0.02639382838722073 0.01287204546590296 0.05983181463563733 0.0033610335121428483 0.029809141844405522 0.011584921504989638 0.055636145606760584 0.04781768924260843 0.051366479131520544 0.006817008196558466 0.05123463428019005 0.6432752581920619
0.0917379573028316 0.005117803009964249 0.076471303452367 0.018146504542069564 0.015042844004025925 0.026169206316844364 0.044895380457008485 0.014782553237165309 0.0287060225690192 0.047338338532248975 0.008008519905510575 0.6235835666709449
0.01947584328418383 6.837012401141265e-05 0.0008198589269146133 0.0026425446648449054 0.0049493906394342336 0.0037148846990715484 0.02358025845338415 0.00280482715263253 0.015807185898573255 0.004807030796440887 0.00029208850238338264 0.9210377168581253
0.0006291525636401744 3.051644147431387e-05 0.001220592890575682 0.001165007684574832 0.02506874739681757 0.00044922697322124464 0.12993137744835723 5.057236895658228e-05 0.006580852945789721 0.16989955549583532 0.0006474469352726109 0.6643269508554845
0.004618494932964003 0.00017080617138424487 0.012459657586324786 0.005905555591086494 0.0927071976868153 0.02587406094936458 0.010478687112606952 0.0020782622092476682 0.06296885801453939 0.002892547515059601 0.042814737167219716 0.7370311350633876
0.004569837599667301 0.004144792532739579 0.04160665419549973 0.006523713347572741 0.018565110339286994 0.008097679991423083 0.06195494577734563 0.0011069815838059321 0.0926641196615645 0.004025929217715741 0.0002702673996210705 0.7564699683537579
0.004278976106512917 0.07548776754991046 0.008061712330945624 0.018385228726013683 0.0004316748574624238 0.0031641928158174857 0.017246573238072986 4.463359573947288e-05 0.012652917578600315 0.0007884130126879693 0.047007266059590484 0.8124506441286462
0.20076680397628238 0.0007297086428300822 0.011817135018988402 0.006242834314236064 0.016797904546478365 0.0588665043951993 0.19159107014529247 0.011464075159614132 0.07900611508809038 0.006348263215761116 0.02546968759979334 0.39089989789743407
0.010859049536026804 0.016765009846691176 0.007982704898681858 0.022516858315126224 0.01514219683188901 0.03756065001522524 0.041316170684131015 0.0027599862052025094 0.16190765361606974 0.0018746339174791008 0.08106094262741836 0.6002541435060588
0.0014775373834849668 0.002476489822725459 0.012748551137841813 0.013593306266477015 0.004561991997277224 0.0405065077740797 0.050202293623291615 0.017499895654810364 0.07761750017687043 0.001873122364009422 0.00012878837297625013 0.7773140154261554
9.865976903678878e-05 0.009913369552818185 0.053551826081817855 0.0577136377004365 0.034611167775556846 0.05742459716035015 2.332862187787736e-05 0.06502798514866139 0.031734905982551874 0.001472706945328847 0.00014685125723884837 0.6882809640043248
0.13009856114994472 0.0005915456974653966 0.020562068461369407 0.008986173853320146 0.044600105261854296 0.011749590543649265 0.06376330123051362 0.0033997078238859365 0.07805182947737187 0.022600441523648037 0.01845508236441537 0.5971415926125619
0.00045140375172482867 0.008067694501810793 0.0005046809820588493 0.005533396513486413 0.18406617519331486 0.019993666548582267 0.023814263190948076 0.010885128556742198 0.15732839296282844 0.012330919665597533 0.027357608303442825 0.5496666698294628
0.019644762585317894 0.015133878019213592 0.028441521291488678 0.137051603639262 0.0038122663860856217 0.08185008673980232 0.023983340741889993 0.0846277103832034 0.03307315516955775 0.0014750930929280895 0.09908352568563213 0.4718230562656185
0.07092778931283006 0.011685602350449369 0.004123044831472992 0.20326052930596453 0.03133582569869895 0.011587651867639577 0.07852282008837302 0.0053587283811459665 0.21268419866354682 0.021575476039178948 0.1828937897559864 0.1660445437047133
0.16697201678195314 0.0015949217191192889 0.13078027858037872 0.018304021220882497 0.0932527002924784 0.08294986702988824 0.0008515496463955861 0.0001565003902686368 0.05016840073147107 0.008740291732408216 0.04292127759209693 0.4033081742826593
0.07673830750369126 0.0017720413982268905 0.035585372496684045 0.010158039324440867 0.09602244371633845 0.014678966298225807 0.057899797977916626 0.01272269777269413 0.06266696923127901 0.0021989367552625394 0.09569120686298935 0.5338652206622508
0.03326379830783006 3.934060149014999e-05 0.03221223716904262 0.009837152602708975 0.08852999057342531 0.00039023300097050154 0.02355737861822718 0.0032811303467842642 0.0754206572518718 0.021357678941635108 0.1465156815254057 0.5655947210606083
0.00470424552483097 0.007103789430003331 0.011726133932833022 0.07535765036884515 0.022401281926853926 0.01956358101703657 0.006484641716224934 0.003087323412632267 0.025430815769307027 0.003928452110300394 0.14746447206399035 0.6727476127271421
0.014021512457928344 0.005541026877914293 0.023867823552656414 0.005370876130635449 0.13369930798575616 0.024920673556808413 0.02618420086294864 0.019557836541405513 0.1165497331311776 0.01905582699720328 0.0074168946292901185 0.6038142872762756
0.0003734514502214763 5.466914190702772e-06 0.0015458516175452153 0.016361034094814233 0.11916824178970438 0.0006064787433502802 3.372062732975442e-07 0.013043919107477427 0.10624526920879214 0.007845283670942865 0.018779709060088065 0.7160249571366
0.011717464436910494 0.04834127668227945 0.13134293145848427 0.30433069491843184 0.09295736732494544 0.054253335266188016 0.038593721245329476 0.007373720872024885 0.03911318955168451 0.06198320941989816 0.029916808015523686 0.18007628080829996
0.0005769173099709466 0.003282500372208592 0.021407464958785292 8.251916084439966e-05 0.019113778552158584 0.002584324449316343 0.0037641266791901963 1.0116558141992745e-05 0.03521161401336809 0.0002890747672513151 0.002446418330054487 0.9112311448487099
0.001388894386179336 7.600145233220566e-06 0.0018962041833032529 0.014773907294501416 0.05526659295014308 0.00036732320849757166 0.007863293073098548 0.0005260379264798059 0.12545241338373642 0.00938241697845116 0.10275022399035183 0.6803250924800243
0.07226185390029156 0.035609968616546216 0.03668316754185733 0.01638459199293544 0.021741125102347495 0.012513139550674613 0.05900958514743864 0.006647394327398209 0.06756125747998906 0.01534227299515467 0.09729589265352248 0.5589497506918444
0.04574406693384749 5.232550311485704e-07 0.00198801235562267 0.004569196603404657 0.043572042596492014 0.00021111982720023264 0.025813838387465808 0.0011160416572285727 0.07424754582734544 0.007345529127758599 0.045895388785533425 0.74949669464307
0.11995691648576386 0.013787593973190277 0.007580469218320406 0.01785493942805082 0.05173629620594669 0.01445267500004735 0.003917012803727518 0.10738476627224944 0.1664183686442141 0.02382174808926299 0.02870359505379715 0.4443856188254295
0.01885267918154039 0.0029070634925707954 0.08243026513652707 0.006624742221420775 0.0055614429130176465 0.011092825241005052 0.04162921407555112 0.01206772195931584 0.13036877954163942 0.01697836745328661 0.06203934806175068 0.6094475507223746
0.012820192777701526 0.019416243133838027 0.011048946784796948 0.07778554334325882 0.13242297960638694 0.013895845826068327 0.011610790404211055 0.0026594105666313626 0.06807305902496635 0.023461035404523208 0.052980049056194814 0.5738259040714229
0.03184984740266175 0.0035113087026233656 0.03914691757857808 0.0055730063657491264 0.03768898970787734 0.0151273972315363 0.06172713539835123 0.00598903772045741 0.11730120515619616 0.015670486534349305 0.03424236511748116 0.6321723030841386
0.007223242627198807 9.162431736343773e-06 0.0006752943981261303 0.07773651660607292 0.023551137045963403 0.00019337479490725835 0.00024410565631491699 0.003398575983825836 0.15540462965553353 1.2597930241504732e-05 0.0013793679908163739 0.7301719948792629
0.0972981896194201 0.008643252267223976 0.057007930487377685 0.019565262017383133 0.059693069701020965 0.028456483365870224 0.023486294791417745 0.016939356843654736 0.20605942097570543 0.02405160821861783 0.06439478894778389 0.3944043427645243
0.06845454288349317 0.0036170531747515035 0.030983176279676342 0.013028523488391194 0.11542311892553943 0.0077674076359753935 0.03719726264527042 0.02541669751239063 0.036765917809159776 0.04595864674003024 0.15522134545924393 0.46016630744607806
0.15317272870524618 0.014912589333465487 0.03593445270143949 0.06733582923883714 0.06759508661310303 0.03217695871943115 0.047782403505215267 0.0012977049230932262 0.030569475936883025 0.012836362834634737 0.00867681208974131 0.5277095953989098
0.05665695203755651 0.0031675989615643626 0.01718510739603918 0.0467462861467032 0.02463873004030232 0.0318420747716453 0.012064450022000406 0.010650276922948329 0.07123022269862418 0.009702118593875124 0.007465293290846215 0.7086508891178949
0.07903951476791632 0.003537421505740083 0.014817114704857642 0.02814433399101401 0.012231175924052871 0.07799141257604947 0.06385363330392489 0.015237731630286076 0.08984728906191741 0.0030849910204121776 0.0666125054919496 0.5456028760218797
0.00809535000039895 0.00026602183229299735 0.005475087115184729 0.002865994117747123 0.014548566904128004 0.013772193733865418 0.06260499746423144 0.003957819872963313 0.1430373227657511 0.026852511480053763 0.035537879628107574 0.6829862550852757
0.005301662414171201 0.014806640499842216 0.03546235788809857 0.048661666411417205 0.0389095525623879 0.2508953418878743 0.00785826404083316 0.006028211232030873 0.03213207376045859 0.007672148157731686 0.008861859926592587 0.5434102212185616
0.08916463460577993 0.0006843833442526205 0.0244843876254517 0.0039503498415932045 0.032246735903503035 0.0011519408811392678 0.16607943510756162 0.007757942094593997 0.10393393163835911 0.006302013889532671 0.04652408272780452 0.5177201623404278
0.07293649253704186 0.034692159562372156 0.12206574870103072 1.60692393500015e-05 0.001468594969335777 0.04647952510208532 0.026682775152959734 0.021772270064637646 0.021591464510465917 0.004909284437946163 0.027567939605835114 0.6198176761169392
0.01092268034844999 0.029837449489158313 0.022310472377013096 0.04442354015785302 0.12772516529392092 0.053631181549930663 0.015587480763803892 0.001851915095531693 0.000534357874213727 0.0013850982509758622 0.0058601467523341205 0.6859305120468145
0.023375109563116267 0.034884476923210415 0.019583396245221315 0.0456296200397792 0.01884835897539706 0.026325514174714258 0.01668762299201207 0.006071996489591439 0.05158084330535813 0.01183429111604689 0.018803607157775768 0.726375163017777
0.02008473089363979 0.0010733586404631078 0.00011856417825781323 0.002041481435584355 0.017193963964327506 0.014531118004193102 0.012259694539076587 1.9142267870826673e-05 0.10389139396196835 0.00014597116482093717 0.0032410703556283718 0.8253995105941693
0.06906840443299478 0.013209859712057738 0.052081891432938954 0.023713780376295672 0.034090167326493094 0.026679791896280516 0.05932237228748378 0.05883113531523788 0.06963690453488937 0.0095554934743039 0.029574328608198235 0.5542358706028263
0.0005638681238105797 0.06916947974198819 0.006942647674714111 9.466155956022625e-05 0.000773645598193777 0.005782930082989163 0.0028559129203574313 0.0005682543940625733 0.07424154154349955 0.012019570460279076 0.1449848521735556 0.6820026357269897
0.05618631831612222 0.0260435956680004 0.1033334017578671 0.0009825562596782681 0.0607934250291919 0.005256499520347417 0.12343365998406303 0.007485437449778012 0.06804748561785567 0.008290978438603365 0.06313804211877971 0.47700859983971294
0.006999381469915658 0.0035464839064775914 0.03666105774497028 0.012767152506471324 0.043296745070709845 0.012138309856693319 0.0034449119927308053 0.004892553861069875 0.047371216472214005 0.01873553012041493 0.019787858000411995 0.7903587989979205
0.08479296658098574 0.0007280225937470651 0.01356808514770692 0.004997573252313182 0.03318995577416812 0.049256708684856466 0.1380863630101015 0.01632856182351726 0.07435774233522345 0.007231164625235601 0.027973782617631174 0.5494890735545134
0.09615406224268237 0.001459976492605912 0.03483614145810721 0.004070817908043374 0.044609286544118644 0.04559271448994724 0.01687169564628829 0.0003599967450398274 0.09746677703782113 0.007423733107820869 0.009878151844933307 0.6412766464825918
0.00432292259195351 0.00019780965809747638 0.17629991000430503 0.003666226503545977 0.06374752562925629 0.09468898479511992 0.006065623149405933 0.0011212127909271505 0.07046343954665649 0.032881390239175703 0.18152911360901083 0.3650158414825457
0.01904471185613047 4.458204623446088e-07 0.0013310249553300261 0.005483256226101645 0.01616198878484704 0.0014955234159658155 0.027011228136109382 0.00024517091637050477 0.020020924494596668 0.0026219637927677626 0.04660531999430649 0.859978441607012
0.002113159707558098 0.0010705862050753715 0.008104158301235202 0.004978249457532263 0.012913107707579951 0.0192507533802896 0.017095355010357666 0.0008155882011350173 0.1464886315979148 0.0039836103404083095 0.17308392340050105 0.6101028766904124
0.01841490519144686 0.00022118207025057424 0.009925995220169072 0.020576721679255443 0.051831572077344616 0.013917216662594514 0.011353184740923766 0.0034906458982185648 0.1282637794754499 0.025913730705643328 0.010733118223597373 0.705357948055106
0.019863674556142987 3.743209873732792e-05 0.022705876917577614 0.0015526636781817396 0.030067225548164496 0.004912419260479617 0.007512060084022877 0.015566911222068868 0.08739055107866064 0.007722021642883674 0.08903754627539917 0.7136316176376809
0.017120867481099963 0.010600515149916376 0.02647153139316732 0.08817457149956409 0.0023169010512790918 0.08345013246277362 0.015402403223027671 0.005894345080687073 0.023138685586978847 0.009482418585153371 0.06778216502019858 0.6501654634661542
0.10078111720650178 0.008774929690908151 0.04304228712246865 0.0096702387750306 0.03329880856814756 0.054279637565087586 0.019344697125173536 0.0507028968691071 0.017449184628972745 0.1260931048671989 0.007330585802321341 0.5292325117790821
1.232304043861633e-05 1.9140667202278514e-06 5.559884054678095e-07 6.0719944222686366e-05 4.0709390278038955e-07 2.1935687323356845e-05 5.529266395163393e-07 2.9400451335290694e-06 0.0009588437466865818 7.257958063757206e-06 0.00019043056886576716 0.9987421189335978
0.008038307612080643 0.06525479319759858 0.02568908207614643 0.06689047123190334 0.022607066369865467 0.17880643516030797 0.017570320043438545 0.00207407012714391 0.03473778634210019 0.010594769706277351 0.00033374188684783315 0.5674031562462897
0.024326650138797958 0.010339179050752951 0.02174106018732998 0.017716322409601092 0.01537689170486565 0.07901689255807763 0.016156697054468247 0.002789247530435202 0.0753238773738699 0.07459460250491803 0.04131567214505407 0.6213029073418296
0.17580752147407488 0.1442633730216526 0.008979824028995406 0.047985266094265455 0.05222115824807272 0.026375727472794402 0.04112414478716573 0.006525699079469745 0.06189312170410655 0.009119712790186673 0.00976874670751731 0.4159357045916986
0.0002133328332676738 2.3902488569172514e-05 0.008412058254057268 0.03383986373034753 0.14634028480403824 0.0002086606913150913 0.0016222729951266774 0.00011297169910225036 0.031210471612072497 0.007169238987511751 0.009148040296909493 0.7616989016076823
0.05690953091143813 0.05957677436828162 0.0397163231443306 0.0037464818768715887 0.004487434669697479 0.07683038120601693 0.017012140189427295 0.018345098002161525 0.3250415507998891 0.02312747354095155 0.004118950670134541 0.37108786062079957
0.12618855599346082 0.053398641314201946 0.0313115179205087 0.02055153963038292 0.16452543580969528 0.13654730228489662 0.02070137001688096 0.008820497008162906 0.2589613818902718 0.012769495081530776 0.03658727406402488 0.12963698898598222
0.05156121488503193 0.006542472967792146 0.08607026699550141 0.01125672939212543 0.04066707041645315 0.027692222376473858 0.014774993131900198 0.02649950825546372 0.11789274457653197 0.03140970182104129 0.03798511714672326 0.547647958034962
0.044043765880675795 0.012716436128753337 0.02156645160636786 0.009480739084188061 0.0324297590115777 0.018527989051298346 0.01412469978109163 0.013361318201735174 0.13424910588337366 0.009963328630851835 0.026431445122823447 0.6631049616172626
0.10952399459735672 0.03236161581982356 0.014427572971731615 0.06972475646988543 0.05345816486433474 0.04172115144505145 0.021388962705709214 0.007382820079775268 0.07717359580198613 0.04433185930558711 0.025159599490758702 0.5033459064479998
0.2805110833976178 0.0585186725542974 0.052017431467125154 0.05055041257486843 0.12694003355024172 0.10604707696038312 0.017600783832267698 0.10335708376073782 0.0871152484617652 0.01925386688649759 0.012823896544848949 0.08526441000934919
0.002261809385206102 0.0003048979856883201 0.05154608084768543 0.0003998549341630409 0.13396555001002483 0.036014648485080195 0.00010244596630092481 4.243283271386775e-05 0.4300775375061255 0.0003801254968768532 9.541024897923992e-06 0.3448950755252369
0.001673746122694157 0.0015652390452082637 0.06020224846064729 0.000609112745499013 0.18394313886899205 0.020674878199572373 0.0996634215758202 0.02031351126890851 0.19018738625963286 0.023328916745337158 0.004490327624104063 0.3933480730835841
0.0012215163792881861 0.019417493159498138 0.030925900489898916 0.03309911943457438 0.052887411647976286 0.011108569962276672 0.03675965362977837 0.0171573655989849 0.07244400588713648 0.007834984260514002 0.0159648780087283 0.7011791015413452
0.03649127751543909 0.0067837315528905965 0.11109394509593444 0.00026457156202665515 0.09169621427138648 0.11253376476773064 0.03173543881699493 0.03707739619582975 0.15494754177086786 0.010955302587211429 0.005272622097872832 0.4011481937658154
6.479339788333118e-05 4.495388226237965e-05 0.0009298810232633099 0.0003737027292390584 0.00036371158800614216 6.422907322000299e-05 1.1565422974468593e-06 1.5772961312163146e-06 0.001828645151754605 6.834357981553979e-06 0.0004439277089171745 0.9958765872490439
0.011373127094621927 0.07787966016634007 0.016771210221944922 0.004513531914612479 0.1495229338325886 0.005703091328970766 0.03668852796510985 0.005449348271156153 0.46528155179405933 0.1577179820444803 0.00037931999662140485 0.06871971536949424
0.0009185899464333061 0.0044996551903087505 0.0012717342589743054 0.002959281445284022 0.010096119153110756 0.012018156929090553 0.03635508689084488 0.0040203916597876576 0.10702122477408438 0.004409707340166795 0.000982094659756659 0.8154479577521578
0.028897285957853548 0.04513235970442068 0.009746658685085268 0.004776334097797232 0.11085431676971745 0.17181210148192208 0.012917048351315628 0.033452287681601266 0.09591493641909342 0.014616520139675657 0.0007202186545098878 0.4711599320570076
0.032265016448140865 0.0023910591390709697 2.433390039004646e-05 0.03440990855439826 0.090134754129826 0.008313841211464657 0.03894076132541937 0.0018504257692265698 0.003304225865647188 0.014432463224704838 0.007916047397601406 0.7660171630341097
0.02998522631126924 0.03472644725214136 0.00951950796137116 0.026390456886998315 0.09368181797093741 0.01916556269683087 0.008903484277128889 0.06165947564439276 0.16429980615691323 0.03993130793971235 0.004847071195360242 0.5068898357069443
0.006040319457675922 0.0019002036871921327 0.07106417065245103 0.05048208917090346 0.013641519122277696 0.003912140322733356 0.03672394420573359 0.0032324562272424045 0.04653133858227144 0.02843277268231463 0.00017259227373941498 0.7378664536154659
0.003059866660132774 0.001246965584742996 0.004447137862182112 0.02813880320424724 0.010295352839667456 0.02537940774561939 0.025462951275969977 0.022272351301555367 0.4321489841098697 0.011913022820915626 0.0241063704879757 0.41152878610712207
0.01130826099872137 0.044774512667689545 0.03827262459144076 0.007499899611391865 0.148009345855439 0.05894316668714278 0.028198533838575113 0.005921334379097294 0.3095474017686055 0.0052729188962518615 0.003821251265455499 0.3384307494401894
0.057195600001271815 0.0036435239052900145 0.03265201297685203 0.024150068588834134 0.09223908012341703 0.0519538771240125 0.029000685436011496 0.01213615092549937 0.15060847296300134 0.015346425186534349 0.008805446333386277 0.5222686564358897
0.01543779337682554 0.0007006482309342965 0.02240387068701117 0.01290625740863491 0.3041859933730103 0.0068028585740939835 0.03458138815059187 0.0017495352263143843 0.13724186786887754 0.05446419775809326 0.008442146940468924 0.40108344240514365
1.595763609198532e-05 9.000751623165209e-07 0.0029666078082415145 5.4315645780167816e-05 0.005008270062549139 0.09739321616313555 7.54875742835361e-05 8.685677129100482e-07 0.0013937335045051348 8.301052574438599e-07 3.5483798185220934e-06 0.8930862644774618
0.013347251643120681 0.00971580384587629 0.005595721690293976 0.0034305781102725555 0.0024803402160539297 0.03093178121463887 0.009133248470228473 0.005587499494846112 0.016254471528551293 0.011160915697357065 0.00021746452210683637 0.8921449235666539
0.046704569678202384 0.00252709685399766 0.05758780331145164 0.029496797211212115 0.05616951979301482 0.05373488115696674 0.025220208319862318 0.0009288855885546964 0.09993030813805628 0.04288171480560106 0.0852998231365599 0.4995183920065205
0.04713858784625092 0.01776764588099515 0.29163778332963675 5.895233480031731e-05 0.10042343513271432 0.09440567809025514 0.0037825677855027142 0.04825757917502921 0.08664812897629434 0.008122431296138738 0.027515529085376585 0.27424168106700564
0.0594946081901194 0.02779130986328589 0.040559505230627006 0.028495708184313857 0.010682777929883935 0.07649388122446582 0.008698245430944242 0.09162200992157452 0.3619653058764543 0.15969710044383545 0.022506368695164796 0.11199317900933095
0.03371641844547021 0.21914269936857786 0.04061176383479068 0.035488559811071074 0.005783180674120579 0.053703247278549734 0.009484691870361371 0.11354034333183892 0.3457681241421633 0.02437362752877296 0.0031020519485226725 0.11528529176576056
0.19179770099832258 0.00630722863107324 0.016333387262889788 0.13718177431548997 0.008072282749075784 0.002501082526306749 0.011623488322012003 0.10243594543083602 0.27027436794486265 0.12230211564185904 0.04353143646140907 0.08763918971586304
0.029648478908196184 0.009440363171700246 0.06444721810542865 0.15803727750703717 0.00014360566436670834 0.06062630153915336 0.19305549912349818 0.11913867177160639 0.2765325632657959 0.055015405849004245 0.00041956530030949954 0.03349504979390349
0.027992962854867163 0.12058466372288926 0.05145530348288438 0.013492094026774796 0.0717025374884735 0.06575087972923069 0.09546756254599174 0.2776068585009427 0.15913861085983708 0.040711019454895817 0.0029161140245381493 0.07318139330867493
0.03927940944293502 0.0554175666817017 0.178740622897182 0.0008282050526985534 0.12689492022487636 0.030580455236657877 0.02880829910469299 0.03309058478770196 0.46526839562467104 0.03366026740628779 1.1412356365789781e-05 0.007419861184228759
0.02528997919570981 0.021380021563466686 0.029346544394444247 0.0782356371361218 0.015222182716018998 0.011928255067421775 0.00028253898322709765 0.39109898825181333 0.3616258667109025 0.006007867277988286 0.018259005525093915 0.04132311317779152
0.2821412523983305 0.041670839727968007 0.04362838259831402 0.014592923082797733 0.05171533874477093 0.09862733508162087 0.01233954487847264 0.02786574474887378 0.30737446953621206 0.08973801518739782 0.003703863280868604 0.026602290734372796
0.006165477827152078 0.012100398951361854 4.066241958727177e-05 0.17142895578995604 0.010128273801002358 1.4517150882746813e-05 0.0032511728522491125 0.00334273206102909 0.13334274612882294 0.3310460269352836 0.3203835407473728 0.008755495335300007
0.0024799982342595555 0.17151932676303325 0.06908480393526321 0.009953083728403587 0.07044502877590833 0.03302466497276914 0.0035104106951555692 0.00959845457185772 0.46277661655367036 0.10845314676499146 0.02090777527542803 0.038246689729259715
0.060127105395518674 0.04696084169956107 0.01655511956945478 0.1567137511290595 0.019729773001347737 0.1636722974901743 0.006513948890580033 0.03086074538745627 0.4108901843103784 0.01896664302642129 0.032249333731028715 0.03676025636901948
0.1846367131537609 0.031075702732523323 0.02896871760193573 0.014679921989627125 0.01812922704803804 0.04738243493263449 0.02088468597540875 0.05064251372102152 0.32536410268430227 0.006979520901941192 0.0013312700580957312 0.26992518920071085
0.01767012802597711 0.00266381404381155 0.018172206305036673 0.6514058937248998 0.04589030807300132 0.014677072071492365 0.004936506759489377 0.007798381393558335 0.05895212792648119 0.06217617607473665 0.059030141557457234 0.05662724404405888
0.003178868682990799 0.0003124267896832978 0.00018075349659342382 0.011017571214405665 0.043066010660855844 0.005630623297340724 0.0006808694254048591 0.055112216376943815 0.8370898457659055 0.020511204415049625 0.0017929243278440577 0.02142668554698246
0.02718440903577683 0.012106652385743065 0.2687157135841637 0.09962914437935952 8.52521491434833e-05 0.00010395969255454713 0.0024518552479406964 0.07464732488128663 0.22441011098311536 0.26221854793502186 0.014360945956640196 0.014086083769254175
0.03015795623329623 0.004681038974043519 0.05746637381361734 0.057009162279564804 0.005033469110356616 0.0157486593726932 0.05226227629049437 0.04206065302083584 0.6083864459880748 0.028999196540844895 0.009439547763570007 0.08875522061260822
0.07230336775517186 0.22409375860659803 0.06710630874323202 0.06393824734602749 0.0004998504865218501 0.34923391866629955 0.0011479070003258707 0.10052913699744187 0.10236145908447165 0.01810465994347508 0.000199725911236058 0.00048165945919875834
0.00588939017580212 0.02353839665133776 0.024187195470648407 0.018909031429108072 0.023091577990414208 0.01868568148698561 0.014209001141087087 0.029127834747040306 0.532715633928769 0.027434951422872104 0.055073453983733325 0.22713785157220195
0.009973523171093124 0.023547747446548202 0.005537674701354575 0.0006096835281475365 0.032582734345092436 0.02915633534495024 0.055806411659463526 0.006108354674177752 0.6728815025131343 0.004237099139024209 0.001784621671714872 0.15777431180529927
0.14898327854685064 0.0064659650247074875 0.04445905024906831 0.06215721742739571 0.014813818177953771 0.054545129935209546 0.058484296416375293 0.0832080888353222 0.23134725950813506 0.0731345065066791 0.03357218917186519 0.1888292002004376
0.14637770927734664 0.0064670386842216225 0.062354372436054364 0.017497749347539296 0.20218356063365478 0.012256734801384221 0.005455100946510525 0.0032419663440206004 0.31159286153050353 0.09792150103634573 0.014361940775811877 0.12028946418660678
0.11184812405468057 0.02445390556233963 0.2433812181448664 0.006082975784425661 0.004722558019286075 0.037152718396693554 0.004935588735464254 0.021556388825120364 0.23641667966612845 0.14782394033051946 0.008386172034135367 0.1532397304463404
0.0001534952445446606 0.131205533630941 6.824680763943615e-05 0.0008542018286090614 0.0002226421550323997 2.975274794240767e-07 5.3657162281501366e-05 0.06291401784215665 0.7997094390397693 0.00039414998483415314 0.00047793691837149234 0.003946381858340931
0.00349253173071332 0.0032077834626411434 0.00037768806320089937 0.07715445748716536 0.0061702295882090155 0.0019661721105897444 0.39652625647660067 0.015258757088189714 0.33409722730245484 0.018613222478681777 0.00016054195749899336 0.14297513225405442
0.08326622980724163 0.27441939389371983 0.0002672116124895237 0.0330098921315333 0.059751846341884844 0.007305000310839109 0.01623498386440847 0.016343968673620944 0.3965958079252161 0.09547742714712996 0.0008617706004746571 0.016466467691441545
0.008355423448882834 0.0064908661491871 0.0013096658041714592 0.07569976664728918 0.0252554055675431 0.000913751269333945 0.0010901021511771775 0.007643678854801811 0.11420164245519251 0.31570969192966525 0.4398316706285207 0.003498335094234991
0.1484810806568941 0.18083461646471619 0.068817577696921 0.006043412797107446 0.27268340244750955 0.0335478782198759 0.007765073354167589 0.01100092203970713 0.1504589023198887 0.04919423560698578 0.0058966773833231375 0.06527622101290347
0.11921972223974989 0.17937119261042753 0.1124502986029557 0.005567588844409946 0.3400500525293071 0.019022093108181808 0.0077550066982305975 0.020291091851245745 0.08156988404517213 0.024452308238161014 0.0018999488611205339 0.08835081237103816
0.02685191110926899 0.016564836230351838 0.08588753247329452 0.030478220317096315 0.015115381638829509 0.005375279905862801 0.023184898915094485 0.015431186224340367 0.536144875381201 0.15226388426788545 0.019006373980535188 0.07369561955623934
0.007985233186971693 0.023936555285699376 0.05442913005385005 0.0606227648915991 0.019097950772280776 0.11798028969821814 0.0048860473625375895 0.00301720048203648 0.2846830745484513 0.010058925155698275 0.010551986495313984 0.4027508420673433
0.05121941509639824 0.007314358291387663 0.05552243363044301 0.0008757391357291771 0.04206706489459716 0.05264115898645572 0.012672531904239361 0.20853520021365834 0.034688093846817196 0.0989846052229673 0.08489218841580726 0.35058721036149937
0.01050476885046069 0.013528946625950129 0.019886539273825096 0.03660322315854131 0.029967276383341776 0.08672408196020691 0.15713832289598342 0.018391645694477904 0.30167632198865624 0.0394664015156963 0.12856981583595517 0.15754265581690513
0.0029805330816556398 0.00036901422290927527 3.3748602930741555e-06 0.002387458390394512 0.03982997110158458 0.0009503212246057702 0.00015205784539418037 0.001343055206336975 0.8044610536010302 0.00160837190994071 0.0011432259631847155 0.14477156259267035
0.03002325231656233 0.009371526945052396 0.007878802373398159 0.052516483887034136 0.02233621891300558 0.018543189346432412 0.16408116002963236 0.028754456440253207 0.5941269719947861 0.044880210354818824 0.013314110033018621 0.014173617366006053
0.042914876227042514 0.00906921725852756 0.0729313916931625 0.033129049057873526 0.1981023372121277 0.05450135892624881 0.05850985218116145 0.3851357869349632 0.10449866733625655 0.009436642944604914 0.005606596330250021 0.026164223897781332
0.014576140476338205 0.003248392052886232 0.014656483926046635 0.02438240427622367 0.03931593529977049 0.011941796796307526 0.0051410247932366 0.057974682500835366 0.5042279048137582 0.023847835156887855 0.23545298625402744 0.06523441365368177
0.029772829507665334 0.0830227365454526 0.014610115401830763 0.2337538122718665 0.02295529520518339 0.04941202412527887 0.030422133781961652 0.1124836775118042 0.20756874021854663 0.009245151571164576 0.10405837990869989 0.10269510395054561
0.05588402604144328 0.07107966564678934 0.014217473860158862 0.03917311925733281 5.720392305408454e-05 0.010777788342057277 0.1813838193324503 0.001217202927719989 0.5844242729073804 0.034090547945738736 9.86516000245206e-05 0.007596228215850362
0.08493728561318845 0.003306357813622148 0.0011575594435288086 0.06783551853839766 0.05922129894495582 3.130377222432642e-05 0.14740722988610458 0.038611662579751516 0.48666800665497356 0.03564960848292965 0.04710823796063673 0.028065930309686713
0.01873908126080992 0.006252620629088273 0.006241793977280935 0.08184533278673094 0.06783237113764173 0.001011737029855909 0.03197815611618482 0.030233524654551588 0.5431850115943972 0.12800643646955284 0.04382200714530064 0.04085192719860524
0.018812331936805895 0.00266256450552431 0.014666490002529486 0.14588137769563725 0.06836693803519397 0.04493178517897882 0.02780268486011267 0.019774991042845285 0.5111584576223716 0.0415964166873121 0.040069070007503337 0.06427689242518532
0.002979771312193512 0.0002737925565268625 0.06483923201431015 0.02784914212184104 0.0008529057678199382 0.00021599012637061498 0.00011719924695551695 0.2016378017626889 0.5637523049902339 0.07610975241350579 0.0005788534996725724 0.060793254187881236
0.12762248500612466 0.05072833343116525 0.023271083478306344 0.02683810112700856 0.004792595965796188 0.10526445639652644 0.2772772298254665 0.10604713820851391 0.1222854214709538 0.08463847567423648 0.0006021037710457805 0.07063257564485619
0.05757211555686939 0.00013511943940805758 0.010728358522203106 0.07284272566438717 0.042747497571698136 0.003313051053019914 0.03127014551137545 0.19060983216014982 0.34508332763462457 0.17112400221777863 0.03687159456952706 0.037702230098958664
0.003936085910112586 0.0002071698529571141 0.025568380974873142 0.12358178215766814 0.011730295672236641 0.01812761768634484 0.002262278364916738 0.0031699625695091158 0.11772454568360274 0.009831476299735431 0.01502415604764906 0.6688362487803944
0.11453994337563794 0.00950879908191722 0.10677017884541509 0.04608779032551382 0.050183304720855096 0.02531909861465695 0.21360927965428922 0.04385897052542826 0.2199367381715305 0.041480425677978425 0.08222336957292013 0.0464821014338573
0.023177492495381636 0.08515646588442698 0.015710022057106716 0.007335958769678158 0.10729346947115964 0.12855634134861516 0.2291100963850115 0.19394984487229694 0.17859286963341803 0.020970608101836343 0.008768029966872213 0.001378801014196698
0.01354193268523335 0.009102996964144083 0.006311126270343248 0.3965202161318555 0.2702634245139575 0.14088456187355464 0.0029933622643211664 0.021891914950886757 0.013124665485929889 0.03965775121739929 0.051076626306904654 0.03463142133546982
0.0005181822510710967 6.6318593739334116e-06 0.02667347079984092 7.534746798645952e-05 0.039400835756587586 0.016078469892389605 0.03407699187184349 0.052542064016283724 0.005550521418095408 0.026897110946484667 0.7884476610946403 0.00973271262540289
0.03470048372653421 0.007071144877835333 0.09545988440899025 0.08397670467668432 0.11413557040545073 0.04445345933695192 0.03206649538039453 0.013009884962222324 0.22457849905361038 0.10548716677821486 0.08194809107455167 0.16311261531855945
0.008969604418349162 0.007807805413670542 0.041791036623687 0.009631987554933254 0.029771808811439267 0.011841237225157227 0.062333521160603124 0.00019887277912003626 0.704720971752922 0.01389405447624573 0.015434779581870934 0.09360432020200174
0.05606358331849646 0.299096347325627 0.05696767721413415 0.03481474107843586 0.0004480375335115786 0.03051471167235852 0.04201686115494124 0.07518755786809989 0.13416925340655142 0.1682790445215199 0.029873074008328542 0.07256911089799525
0.0763286507951026 0.0015909442507221023 0.014834618616415676 0.009131761947400261 0.10792229934461885 0.027999893816629328 0.09083272176607886 0.16087539485715174 0.26526395651367063 0.17199607718639082 0.02337974452761139 0.04984393637820774
0.14661334850630509 0.2299659401170765 0.10448187185997576 0.000616927367065217 0.39926801292220626 0.028668694074518608 0.00940124141430267 0.005542103620083092 0.0300044166511266 0.01326614872320482 0.0015296350193035229 0.030641659724831714
0.09876097123009088 0.0007934731233129301 0.06675808889435293 0.04789601980498398 0.06982236149466534 0.2624660899791488 0.11572423152953461 0.1149167618862933 0.147310413314581 0.03752602261387939 0.004060372924341542 0.033965193204815225
0.04120423218869124 0.0028360154476353328 0.004793088133527231 0.463489898785029 0.008282553719273339 0.03687839886260329 0.08622409827591924 0.0063602430992075005 0.23585743349684193 0.035188685492703764 0.012110898817405328 0.06677445368116285
0.011278224488537367 0.06459175311910355 0.056514185513682084 0.01813736357332623 0.05085466148249254 0.3567685650879033 0.06848648686347096 0.0912084293323102 0.1504615344534731 0.07386842638695273 0.02354425632641347 0.03428611337233444
0.04463723140395829 0.006652610374580921 0.02086214633642834 0.00792548273456964 0.03355709845233255 0.021739868177886267 0.029434396450796346 0.032572152525448 0.045476640241930884 0.01583924913131713 0.0003689066541277917 0.7409342175166241
0.11099744191590834 0.034478076173710265 0.021529008645674228 0.000397562685850759 0.05312335651086987 0.028428890219538476 0.00561242892607989 0.17131448392657855 0.39093064469810923 0.06914913122013569 2.9959979789712517e-05 0.11400901509775505
0.014490567199951197 0.0035163776117345183 0.0017038499032328853 0.015507501795382593 0.009937603362399416 0.0007230253855356336 0.08184719492125084 0.04620449919047381 0.14889783307236312 0.05460738333294321 0.536913676650222 0.08565048757451076
0.041542487717051824 0.016042959202937503 0.0011694523389946744 0.04658921298357368 0.00044926580352617525 0.0004038864056052498 0.7373598068544029 0.023993226506332226 0.03063484365406601 0.0711713093905435 0.0232198920468896 0.007423657096076711
0.07155941220440212 0.0541358106762136 0.06969900202703928 0.09579431851059479 0.022493672762688436 0.01988363734291549 0.25027342848574935 0.033905158907453055 0.1719402488492873 0.06506195127926187 0.10819404135809498 0.037059317596299636
0.08148706218166608 0.036725677392900995 0.015718548712452436 0.017536705775939417 0.02827952955973873 0.04546921109781502 0.24983326408038234 0.009871421575739473 0.18375608003899388 0.28671552430419006 0.004572777163562103 0.040034198116619436
0.044857358836682265 0.0016970662017660395 0.00013959806766076962 0.06407246781129666 0.13551301687804518 0.05658191589723236 0.04622848006395971 0.08835794242361752 0.16314524021785726 0.32838542981951774 0.022242987570714644 0.04877849621164995
0.0023773214511460085 0.008026281868795955 0.06547428033741932 0.018708667257218575 0.08607614954122336 0.05033032205867096 0.024641155072025255 0.018315427109314338 0.5567487089857941 0.014901720140250537 0.012451368515432671 0.1419485976627089
0.0 0.0 0.0 0.0 0.0 0.0 0.0 0.0 0.0 0.0 0.0 0.0
0.12700819317273332 0.014889566640732379 0.021409930910211938 0.007255005726360607 0.259314484450854 0.011741627420441804 0.04437681466586836 0.02765636281973352 0.08246659684788003 0.2416364886349367 0.06302715110529104 0.09921777760495676
0.011717242222461535 0.002720036372270347 0.04748191759105355 0.017649386959398012 0.051402440080065954 0.01652496705510396 0.025930213865259472 0.007417745569335871 0.4407491977686598 0.025559295080437538 0.1922901988120002 0.1605573586239538
0.10837650197270453 0.06659606429659135 0.1716776408225441 0.020373941475258294 0.0831894914518828 0.008973662793683869 0.08824468755121079 0.1909909614179504 0.008596826441156084 0.15313091852931834 0.07479927388827716 0.025050029359422226
0.004250703370297842 0.0018183693092711879 0.041478094409728855 0.018031905615649418 0.3633511810045428 0.0032123490451410656 0.003880318836563966 0.013867486713787736 0.39460779789038336 0.027642787159945677 0.09945003685510566 0.02840896978958203
0.13349412913514455 0.02102767075130227 0.014044279470033573 0.04100921895209497 0.0436384832749465 0.07378947811815452 0.1403836950219145 0.0489959879187652 0.11162313377287737 0.08702084670500873 0.18484193934241488 0.10013113753734297
0.021259481739559893 0.05197888872312849 0.04362365941529669 0.012220418907432046 0.041866667929596146 0.061429914409800924 0.02753995538785075 0.05625907361793802 0.06268595933479332 0.6082446962063678 0.005415140084114706 0.007476144244121622
0.35231275594609646 0.09728123444498507 0.015580850148956738 0.013292819248262177 0.0943602559173552 0.09390433721346873 0.04565537170449972 0.040416546918326426 0.09347004362425619 0.11293276640942722 0.020139836922437298 0.020653181501928464
0.01868472412078949 0.028300113955260872 0.004908059208268322 0.0019399071934917452 0.024081589056721704 0.0038372486468801815 0.35178471974020403 0.10510569595625595 0.3145496675792248 0.11013931004874135 0.023667557237808126 0.013001407256353677
0.12272811779925115 0.03441448490109637 0.013936264989954998 0.003303768765644883 0.047060569996177255 0.006786619588076354 0.061332533191240705 0.4881402362451758 0.08997384494150122 0.06367203801663164 0.016431548022227134 0.05221997354302256
