0.7407571923787242 0.10263056190058409 0.03621732256590894 0.07753093950012896 0.02779463588479735 0.0055916326813218965 0.0018556733742621336 0.007622041714272225
0.6036296590593869 0.09706640246635591 0.1536406366958047 0.0154599789022899 0.029098355311932545 0.04254747825771111 0.04664912067690925 0.011908368629609865
0.7175538174172633 0.01068724335816746 0.07370247348631825 0.046413540500981953 0.057918125701776096 0.045216009236527646 0.04326870352990788 0.005240086769056908
0.6727915494967844 0.05086756321607625 0.050498481748597425 0.010070140007349616 0.0993693114805848 0.03875720526721043 0.052520450451010225 0.025125298332386862
0.9223499471477133 0.009971187196838618 0.04388162048378449 0.00011223386064772822 0.0019520018359722073 0.005102383750272769 0.01463501647451896 0.0019956092502520424
0.6446698506153009 0.0007388830545145041 0.022104973405832864 0.00014476847736227791 0.0011926045677462553 0.13258700425562667 2.7472643556951572e-05 0.19853444298005954
0.7623692215729879 0.0004976839268055662 0.11349394555519506 0.06010940425151965 0.021892693984239188 0.02214468626912372 0.005354134531751749 0.014138229908377414
0.7629661716812761 0.004147585442982249 0.0933579279220495 0.0008872659939294905 0.03967518440514748 0.09145383461855543 0.0031213693683752827 0.004390660567684337
0.8641050697214218 0.0033539730939671428 0.02512318490326072 0.04552816447868314 0.01266401153384453 0.04761383531936434 0.0014949000284370261 0.00011686092102141853
0.45420123168105514 0.16224157999828845 0.19667880295348034 0.017268771270008424 0.0156971484903199 0.11597743629104468 0.01585475922559173 0.02208027009021142
0.6756209093310432 0.019912992053787267 0.14411369223213144 0.12030229540225584 0.002937722324589496 0.027116563295964558 0.006567200657963244 0.0034286247022645507
0.7804765242618621 0.0037153391771786704 0.12494731896936077 0.00017607974538088312 0.013944730192150326 0.04973796808255456 0.0208281135838783 0.006173925987634393
0.7887447518813236 0.00010596586927979176 0.05999294161349141 0.00011987836871480986 0.021878470683454408 1.962713961244794e-06 0.12874138169593108 0.00041464717384361954
0.6839002254347866 0.06519164359392651 0.10087504112953917 0.01979784046843271 0.025006154057206433 0.07510559090301223 0.0045273259225561795 0.025596178490540446
0.6999973494363763 0.010335046032766896 0.1701241826026915 0.029816561448105388 0.005955907524197684 0.011531707257153771 0.005772152632609758 0.06646709306609859
0.6952722809503361 0.11105408357020886 0.05739915047251054 0.04367516963212331 0.042833837920322776 0.029088540914859573 0.014081309168407092 0.006595627371231634
0.20356464082688067 0.22487533854280797 0.36801191860078614 0.09601130205639415 0.00845887094306426 0.06800092638814112 0.007740338332742868 0.02333666430918276
0.7825736322498299 0.04498469905311612 0.08134033176805457 0.028731146347920532 0.010666084292645303 0.04233366981197358 1.3925963754557807e-06 0.009369043880084558
0.5509119458434868 0.10713263241122838 0.0989631111522248 0.07523808079540865 0.05524440787565458 0.09498688071666211 0.010312228592404465 0.007210712612930276
0.5336651914903123 0.027194245249670738 0.18004110780730012 0.160903380882053 0.01572326882661244 0.029687967659196474 0.014439986771933918 0.0383448513129209
0.7317940641077177 0.00174149475563926 0.10960152595332733 0.13843536017446073 0.007221156055840557 0.0006697556585535189 2.3333471384984806e-05 0.010513309823075877
0.5808631348371127 0.00821670410956679 0.30217561408537097 0.0038123352339256527 0.04367313923129048 0.02189564470618357 0.018642852192630427 0.020720575603919388
0.48633680970337606 0.00017471739284622133 0.41013285304358493 0.001334737320109157 0.05841424505985961 3.4104966539763294e-06 0.012868436972805273 0.030734790010764814
0.32401980235548405 0.17059341432815964 0.28010902898543727 0.006481339327710075 0.1611610040277243 0.010783139345064825 0.0004831395417988309 0.04636913208862068
0.9421202831967064 3.6375059624231215e-05 0.048959435591382314 0.000282044376955688 4.987183234711582e-06 0.008513862759627773 8.246500982965259e-05 5.468226391546354e-07
0.6306919563242039 8.301925081846539e-05 0.27260499144809563 0.06897944655241774 0.002799085802142294 0.006623120514794011 0.004693676207587795 0.013524703899940132
0.6345277181907265 0.02507578611251044 0.11319987837496408 0.10837563625975932 0.03376413494830504 0.04580863470891801 0.015946994414292304 0.02330121699052444
0.6939020451117527 0.037181632406248305 0.199888406457088 0.022140097161375688 0.0035212232416197316 0.031013777482123195 0.009752519034500157 0.0026002991052921655
0.39654618298130667 0.1452739774380028 0.43436317498437826 0.000702697606082246 0.009748030490651515 0.007217730626680458 0.005138702768938765 0.0010095031039591752
0.7062764842451937 0.007228085549269378 0.09968785889506811 0.05846712873299467 0.05411889426887868 0.0005313788927561569 0.06773789526695839 0.005952274148880878
0.6507595877965517 0.02733521775579123 0.07545173301017896 0.09360494766143401 0.02762526705098219 0.009790043851621173 0.008886938355967077 0.10654626451747347
0.5646666100350036 0.04548227527456792 0.2059939475971798 0.03722887934529355 0.03943709607979892 0.08127113789827847 0.012288328365408363 0.013631725404469296
0.6075634032889484 1.841000796187003e-05 0.3874173763358801 0.00011409832215869168 0.0009331554497285104 0.003262749558721968 0.0005481648533606871 0.00014264218323990202
0.5045865139921545 0.1265318080735675 0.19174370316360104 0.028108796364521273 0.040530031888876716 0.06889813408854978 0.00872252883848377 0.0308784835902455
0.5425437881179646 0.04091834567101745 0.14370185744768968 0.11128502922590784 0.03725508241957472 0.033294751577728175 0.04576070096791826 0.045240444572199334
0.6521294580815946 0.17883474418991185 0.0773622612918474 0.004137863710077312 0.026309691146295177 0.044846741383837235 0.0009567324576998082 0.015422507738736681
0.766401356534809 0.026328174426574164 0.15523635441325712 0.006406733441369328 0.01613486326102235 0.008906414117721861 0.009513184948055932 0.011072918857190518
0.6965696227736828 0.09490906410791274 0.08652973243760295 0.03388413133613479 0.003938880486635801 0.04815140599066269 0.005318217160845046 0.030698945706523477
0.697254949920278 0.022930067181814263 0.1664227379188505 0.007978243736080606 0.029245181377559368 0.029509365280304782 0.011467677728247994 0.035191776856864566
0.8151330604005056 0.015593359783458466 0.08362710081210599 0.010340107332585594 0.03753430864117867 0.0026953865330768072 0.007968730136775742 0.027107946360313315
0.6106350618840894 0.06501156103741834 0.08729546523069902 0.025559114557496113 0.01695827891448798 0.17451736344389526 0.012002996511938582 0.008020158419974955
0.766812531859866 0.02147744171308465 0.022019736499683765 0.016913538444682536 0.0817917240168246 0.06185793011743551 0.023386811194720563 0.005740286153701492
0.8087288619707743 0.03035291994265498 0.04469172788205175 0.012266924285544597 0.05288400776326381 0.018505947375725848 0.00028336585086561695 0.03228624492911913
0.7953443407455956 0.018777205974638292 0.07757441709680439 0.01816908655763537 0.015726456404063265 0.024163557973078294 0.010223456229187465 0.040021479018996914
0.8948269182068906 0.0021794692499894136 0.09785658630588726 0.0003692281757595428 0.0009697466922139692 0.003593773477262544 1.4633773754120118e-05 0.00018964411824255734
0.6477893744879335 0.05857271553913892 0.07808404961844591 0.027501704335196824 0.05005719595789466 0.1127894813337676 0.01568615145218248 0.009519327275439938
0.865468097021898 0.0007486844396764684 0.11937436793266652 7.132582819309082e-05 0.0020020159964996 0.00010745555214613958 0.012223795183560425 4.258045359589114e-06
0.3173571608848361 0.06732950158907229 0.2555343301410337 0.0776364200062511 0.17738157552740763 0.051362313155564776 0.011780530392692357 0.04161816830314197
0.8295310113680391 0.0015798226489923415 0.07826539954626377 0.02991701466842005 0.02765685668834632 0.0032579445314761648 0.007065229171879232 0.022726721376582937
0.6983428914598955 0.030148703883159166 0.09870570248457008 0.016215112705625444 0.025781304406336508 0.09148889227060843 0.008008854750279971 0.031308538039524804
0.5924414474935088 0.05377458181122289 0.28552516663796024 0.004304243524733392 0.03709965354209748 0.013655341023239672 0.0029311874348680305 0.010268378532369256
0.49877915436014747 0.003663013483506342 0.038529446528382215 0.2302977605493394 0.09686410416287265 0.027005773809753827 0.001191757894232695 0.10366898921176541
0.860723546544838 0.01577634885268534 0.06117958608732623 0.03363523274924997 0.002358810589195045 0.025208673283679303 0.0008687819749510753 0.00024901991807519167
0.6783089557122728 0.002854994590161363 0.15217776142864517 0.11884180478733994 0.004584057927896145 0.039117505719705674 0.0003857317417327908 0.0037291880922465256
0.5212143300328196 0.03993566265593148 0.3131997751291543 0.004246080941220026 0.018928425812988627 0.022403389991291683 0.010344979969364093 0.06972735546723015
0.6818248893032532 0.011860244153179619 0.15262977556504798 0.07134236743078148 0.0456285813530946 0.016064666507633305 0.0035129621767313367 0.017136513510278555
0.7391466203346068 0.00947203124325929 0.02171181154466995 0.10545951933382956 0.028745836766740314 0.011834454860564612 0.047952501016851515 0.03567722489947783
0.5843313049510067 0.11505895872815164 0.03185715943951729 0.0032823831721843833 0.050022164037701315 0.02208425699872812 0.03920196223929457 0.15416181043341587
0.9917312317976008 1.079217801806962e-05 0.008233429346768545 3.0977261295709275e-06 5.774036805232917e-07 1.244390159468154e-05 7.825467284733648e-06 6.02178923044886e-07
0.8390949636930294 0.019304740488977585 0.06241161766014088 0.0010301518370664801 0.01394535798727578 0.01628741918990768 0.005311120412995711 0.04261462873060658
0.6996850111554243 0.0038827785080774945 0.08251007967999577 0.027297211478636972 0.024124171463784823 0.03674598325779342 0.00979448713120289 0.11596027732508425
0.606005006423985 0.2430937160968925 0.06706612622220737 0.00310096196404868 0.03010585462329431 0.022891470002648025 3.178510336267205e-05 0.02770507956356132
0.8504813336652096 0.0009560416373177895 0.08953939625577874 0.018751196910426333 0.015565479020909309 0.0009436983477271156 0.0013195714445281004 0.022443282718103055
0.5240391891566804 0.11401811405236027 0.17645430306759785 0.0027493181547765086 0.08385592437633023 0.003548364604420773 0.07965150103912959 0.015683285548704483
0.4983822821977391 0.19673551641485246 0.14225341869738312 0.03094350122258856 0.06264412039746038 0.01687711564915813 0.02292418455496021 0.029239860865857926
0.6272892119167284 0.05843645877599002 0.12329967517536498 0.04015033331061598 0.05455510479006943 0.007038010099642779 0.06147030336722928 0.02776090256435885
0.7442322987009636 0.05259034171574129 0.1179912202313268 0.02117567425328433 0.026568492872367306 0.008071666314381196 0.016880826802918983 0.012489479109017087
0.6977634980210837 0.12164814034841133 0.06372360852900652 0.016091177792562892 0.01710706111347695 0.03519104612618832 0.008493310326708402 0.03998215774256196
0.4152494522799235 0.22572804088058318 0.09199503777972835 0.014475489849599987 0.13382885464423658 0.020910264244389992 0.008518410584055232 0.08929444973748313
0.9164078098384274 0.01580753063054611 0.050084682421883006 2.1487747900979283e-05 0.006644392323611093 0.00011810051250279138 0.0013858827324999391 0.009530113792628794
0.5884409320001506 0.013586403128329583 0.14365808040405686 0.0011064489811735444 0.08162757234225082 0.05519786035199249 0.09504768509978447 0.021335017692261867
0.6963760238672098 0.0029105471116934933 0.22538297788332926 0.010618981591473117 0.024815181925722594 0.010744599196509276 0.012778361247173147 0.016373327176888903
0.472923819842336 0.009185014326764806 0.2716933711335358 0.0028233718684509148 0.11100825443179448 0.07563619381573874 0.03024139938065731 0.026488575200722033
0.9605631383162263 6.753608349039868e-05 0.03684187554317923 0.0007809766617974906 0.0012143833238025242 4.426610432794867e-07 0.0005312519853472563 3.954251134416871e-07
0.13223877302279274 0.06668454076373902 0.5086201408067617 0.0006344519387947835 0.04543043015053658 0.0006609381562765373 0.12093053852810404 0.12480018663299465
0.8049029572811803 0.0005475135655502276 0.1407175030974026 0.0009113173655730985 0.0006287142577349955 0.04711932957954108 0.0024698072458526395 0.0027028576071653743
0.6999893656316032 0.06086362449269857 0.1126583666158955 0.004273640425071293 0.054564812786654565 0.02474499709977352 0.03724592856088703 0.0056592643874167625
0.8874436325263996 0.037747178523949126 0.016072371278369 0.015052984182300227 7.224967106910001e-05 0.03918193736750083 6.441953113996086e-05 0.004365226919272161
0.6407930632787822 0.031118632294861472 0.16430606441564308 0.0011352177845965448 0.0208873972206886 0.011335882989241932 0.09381653130736792 0.03660721070881813
0.7451319692218251 0.014204008508307239 0.019062724295477663 0.0005482204462086066 0.058531228991624086 0.09786541789778899 0.021806471717623212 0.04284995892114548
0.29969663653193523 0.00021397887237571618 0.6033798832162341 0.0723832711035244 0.003756859786589264 0.004473726136990409 0.004507268337826647 0.0115883760145242
0.23449217474719125 0.04111061446407903 0.5619810304863994 0.011275866835794903 0.025660070704905502 0.018585078047321638 0.032484472102811704 0.07441069261149658
0.5609336901107249 0.0535536687912726 0.23556952489780586 0.02574448372241327 0.03183617912229327 0.025965705303268215 0.025943927497459298 0.040452820554762535
0.2901317946792996 0.023891448493198145 0.4989295460965013 0.011868523951831442 0.025407473062541267 0.01162593756674435 0.021180737700912677 0.11696453844897114
0.8906440243967023 0.00750502481998066 0.0746017706714212 0.0033937741083380868 0.008211801662431524 0.015456217047980161 2.8775411265396726e-05 0.00015861188188062087
0.9142227159309343 0.0025349840770669168 0.03407655242656271 0.0011726746627673426 0.006645832422346891 0.010695088365569563 0.001569284057318213 0.029082868057434
0.5159963026277995 0.07482762106240211 0.1858182384970424 0.086279345202331 0.05436270814699105 0.0073933636814113215 0.008368242997983569 0.06695417778403906
0.1540180584912003 0.20985445460748664 0.09736598043961389 0.15889717423525318 0.02430028322979363 0.07709066684090284 0.052822123804445786 0.22565125835130356
0.016344135217864743 0.05711933024469148 0.08720437619296814 0.01497709125335054 0.04281249269169709 0.03526127905238379 0.5530527360904945 0.19322855925654947
0.03790354601665707 0.3403376090691284 0.1720098803674834 0.011429349241973813 0.022753140017266926 0.041949226859398635 0.08573196170448703 0.28788528672360475
0.04156450838609063 0.04290993074621464 0.14784294938477915 0.026064217923454914 0.0063026426379450655 0.22164689089408204 0.2500294713589344 0.2636393886684995
0.061127972835200176 0.12185508450091037 0.057146200259258643 0.011343668060871892 0.014985964572475344 0.02073979949110689 0.6583507871327295 0.054450523147447034
0.07332616761448287 0.12211712876506087 0.09537791778965075 0.011304928613325032 0.10972297386776504 0.20903540623275718 0.30532534304317116 0.07379013407378722
0.125 0.125 0.125 0.125 0.125 0.125 0.125 0.125
0.06736853052720511 0.14374642338910668 0.13779861622799108 0.07475103961303001 0.027474720417032784 0.05562176508960477 0.13805758056464487 0.3551813241713844
0.2214339482334103 0.006312974406740756 0.27297837440428446 0.020952664623200976 0.03902393890748024 0.07418570627303912 0.19060304285976026 0.1745093502920839
0.1789980067220966 0.33847485925508625 0.04456247986681126 0.016764292882313663 0.003706919099624776 0.19763539065330146 0.015167576092447796 0.20469047542831822
0.03743851471351245 0.12132385575408806 0.07349001792088486 0.004956980322943734 0.04454842328604005 0.1350199946523055 0.028013901765839653 0.5552083115843857
0.05154685049221547 0.18793730949636106 0.2733958355905616 0.3841589312200679 0.004796347222700025 0.0428551104862282 0.008119026713452649 0.04719058877841316
0.01611873534813784 0.14819924421117062 0.12699929419415396 0.04477652076246807 0.0123009693554671 0.33433618212691585 0.04548379167074809 0.2717852623309384
0.004871453769066721 0.11316820520182569 0.04089217542724684 0.028849755370152733 0.0008408282459485615 0.13950882305292842 0.07751536621857738 0.5943533927142537
0.0012328970049851245 0.2304431160130559 0.0829243355718629 0.01934109238133934 0.03377571987566866 0.09297836277893273 0.003976825435839031 0.5353276509383162
0.24028812064957927 0.08204688722759779 0.2618730728414304 0.03134264797453693 0.10725548173587558 0.12821968941431333 0.0921739839980588 0.056800116158608
0.12253013921876237 0.03208730098669883 0.30185937268626273 0.026078769466205215 0.014557234876092402 0.27403723618885895 0.17108389528647944 0.057766051290640136
0.02024141929392253 0.14668570825776606 0.05443690636829307 0.07765203744809018 0.00043811187579832154 0.3975333973120335 0.21528466060110762 0.08772775884298857
0.00271735305396509 0.36190760896370794 0.09872909858539099 0.02605669163681203 0.012200868054327494 0.03705556346660258 0.09138887908818848 0.36994393715100543
0.0032100319434798462 0.3365808359185555 0.008317172040505878 0.07581098446534215 0.0001262573741457111 0.2559590124680932 0.01033315088335114 0.3096625549065265
0.07314401750668524 0.17336320616013373 0.1531932114859598 0.08852414477854217 0.032755094322230345 0.17904285034085116 0.06632110400808161 0.23365637139751583
0.048381106230661684 0.15026283699170082 0.20208670247139013 0.22549200291843724 0.09669111702321607 0.17124882539701738 0.0021401951255464132 0.1036972138420304
0.043451805794504784 0.07471450948297371 0.19955534025814708 0.05049262858564035 0.02228307422383233 0.03706169420478234 0.21340127047343477 0.35903967697668465
0.0033813686880283314 0.44689879738562804 0.08136260841770149 0.0002816655790695998 0.068451933516531 0.07052693145866934 0.0026304822990009156 0.3264662126553713
0.056074659950286654 0.4504411318626236 0.0537011291810296 0.0020545399212267114 0.028440093709036718 0.1651792504407003 0.006308231968691179 0.23780096296640524
0.005393706201319124 0.04866900472621409 0.0005412600534077375 0.0001390845207356815 1.6263834142409577e-05 0.1257503483903932 0.00016978273297834018 0.8193205495408094
0.01284009119865015 0.32122521063921183 0.045234692237036675 0.01520605834148191 0.017293044101181612 0.05266850880243148 0.011850755290149305 0.5236816393898569
0.051398242966151725 0.05367298171659236 0.2312893932184436 0.00903915192943759 0.08864183329211311 0.29335279209908527 0.03640838333066799 0.23619722144750838
0.3975308389844676 0.011974613119841356 0.09773748868580656 0.06240051293152311 0.004165877298290511 0.3718710609999503 0.015685150489262452 0.03863445749085807
0.004097899523216621 0.03131215169010821 0.06910855681678607 0.00024532841636465603 9.201080053326073e-06 0.4849707180859582 0.09890306442663177 0.3113530799608812
0.1082615248791592 0.12586317852851392 0.12725297977273609 0.0826823369054072 0.015055384739673227 0.32663878608189617 0.03029767023841197 0.183948138854202
0.17373206677347972 0.16940297178545258 0.3468320571326276 0.00016234744399341264 0.03446115819674805 0.067004913184404 0.04377548335500635 0.1646290021282883
0.03813959405760937 0.005921988354543169 0.10983191822564568 0.24900971421508614 0.19421019051068492 0.20657302873343056 0.12803749656478253 0.06827606933821768
5.2495159183664566e-05 0.00671403141692653 0.0037803045779737673 0.0025746829575370262 2.405147419435572e-06 0.42489591562026835 0.2645264486518556 0.29745371646883556
0.04373913255864718 0.06442034751728791 0.16521963111162205 0.03842625350031338 0.23889453520766102 0.0752384045797868 0.0711321960034196 0.3029294995212616
0.05738393884115812 0.025161842591226335 0.034243451320207376 0.0004947318041442126 0.176224715377144 0.26460343087698374 0.012317191812532312 0.42957069737660397
0.05435016705262294 0.026596266927777723 0.09314044563611704 0.023313351070718122 0.07591502664905998 0.471848495367138 0.11089150109090953 0.14394474620565656
0.05452508398490071 0.116708799017828 0.4612597807564602 0.05583093472266423 0.007233901487538667 0.22709592939708295 0.025218024494729138 0.05212754613879601
0.002464872073227946 0.001547430408587516 5.026701834920587e-05 0.9869706278450873 2.423346593399178e-07 0.00015479525409749798 0.0017871963730137323 0.007024568692977387
0.09123065226132535 0.06812757531090687 0.3506098314507817 0.008152143019391437 0.027200478137003527 0.04900844412630105 0.2098745784148876 0.19579629727940273
0.09443747467698323 0.06482719666322391 0.38424663472583026 0.02314663821742164 0.08227864115223556 0.06007442057781383 0.09554105226448116 0.19544794172201077
0.0506263406741721 0.18446576787783148 0.1110471609929108 0.00025772637791209615 0.07837650144301261 0.06394455192509306 0.008210565826291575 0.5030713848827765
0.050750361673093915 0.203662537092324 0.20838997955904282 0.12255648659733435 0.004999446545215142 0.31204182920647733 0.0051810475066388535 0.09241831181987367
0.051762817834189616 0.18501783959609175 0.20876212846456466 0.14194338938729056 0.001716445409889205 0.3636884971365696 0.002777580568588719 0.044331301602815905
0.047363238490433404 0.19006038918050347 0.2219575499518048 0.10640604806776496 0.006130314986680142 0.3668812928871041 0.0010606251855074184 0.06014054125020168
0.046347338833593404 0.04719081161659417 0.12859491417020136 0.016134510421260562 0.024579540677020003 0.02480134804869189 0.01285874082638878 0.6994927954062499
0.07492733480943067 0.038925539079578554 0.06205080567966811 0.2325161992771642 0.01774040410927608 0.032924286524623037 0.006095023962038994 0.5348204065582203
0.058933910242230894 0.019000330019490152 0.5741171407525798 0.009676273635466692 0.07336203490723311 0.017574998400195732 0.07909725444228233 0.16823805760052132
0.0834379667708636 0.005411784530357872 0.28239371627457643 0.005093911010498404 0.009922893918596772 0.07601765246148322 0.4496387307447684 0.08808334428885577
0.00428338757346936 0.18228433569614935 0.060173928596738646 0.012527158464743995 0.012977024886210584 0.0733576217849975 0.027446074765514306 0.6269504682321763
0.1425705890213685 0.01652702089415165 0.07991579938363275 0.10804833365099967 0.0021399793287592552 0.6153516350634757 0.003353919073255947 0.0320927235843565
0.054547202152284806 0.09781557716954156 0.1642687416174009 0.2719105287858476 9.984177843515663e-05 0.3277115908639048 0.011033488186225612 0.07261302944635967
0.43152212622732117 0.15108330124455152 0.04752972318831134 0.03062680923216706 0.13125920987910733 0.04283567942494777 0.031301786693925 0.13384136410966874
0.189007838258424 0.11776923113953808 0.07804183845115761 0.1498145754539119 0.11203602653907219 0.04708714695343946 0.012206573716409203 0.29403676948804763
0.016324497638854883 0.012458147905438564 0.11827924542294002 0.7261553820055338 0.0033097063582093085 0.020678085869963215 0.007294033595633924 0.09550090120342632
0.05631688420705341 0.265071854473244 0.11889798864520508 0.02722153747594811 0.010703403649562761 0.06255547097529543 0.07841358133430686 0.380819279239384
0.001488631502817986 0.015420768173960262 0.02349843391448227 0.02833909457337879 1.5473111249879733e-05 0.6211089775220403 0.033820560106215265 0.27630806109585515
0.005526125448710119 0.007859188885474797 0.015884608748334753 0.18681073280088428 1.640597707939427e-05 0.31166753375954165 0.01729113873363736 0.4549442656463377
0.15582696643315927 0.2845015640923998 0.1380419765394016 0.12640650394999037 0.0392700022075141 0.06802399782779835 0.012646271087105787 0.17528271786263075
0.1179242988065729 0.025775061311704116 0.40697802852105625 0.047402025882988814 0.03292982419398371 0.23297957368780575 0.09340710472088826 0.04260408287500025
0.1904884940957071 0.0010677317387290295 0.6303392437926579 0.015942792606893595 0.0040555117559975635 0.04668534063282536 0.0939074054948563 0.017513479882333025
0.063381566477165 0.09947582436798741 0.06960821813375374 0.19725091700485553 0.019430398004992144 0.02784189785974501 0.005134695841712661 0.5178764823097887
0.004097899523216621 0.03131215169010821 0.06910855681678607 0.00024532841636465603 9.201080053326073e-06 0.4849707180859582 0.09890306442663177 0.3113530799608812
0.04708984108455643 0.10254754979144938 0.06163486132724595 0.3055042589791148 0.005726877754629078 0.06595106690555794 0.19399258250119814 0.21755296165624843
0.002698420745451287 0.12677633666315527 0.0602582914454563 0.0013115254220703594 2.04861338439961e-06 0.06132438972496174 0.6968891989305429 0.05073978845497772
4.541436557096619e-05 0.16278944246420712 0.01867172077475153 0.00029068810043306973 4.098069982124028e-06 0.3320595595258878 0.47017907565778916 0.015960001041378114
9.537733547439013e-05 0.1635360526647904 0.00045341462957695943 0.05208618922718354 3.384228180227169e-06 0.7702283969635058 0.011556448785206381 0.0020407361660823554
0.16264005502899415 0.30792543487608054 0.11856444061766977 0.02594838855027342 0.04266459932678141 0.1534803135914784 0.032535276893083324 0.156241491115639
0.11530593417486137 0.1836850498070312 0.5321299748611527 0.06336136539388909 0.0025131183760531742 0.037920320821284166 0.002637157849433084 0.062447078716295276
0.08030912601791766 0.12939241625988443 0.28773772151773996 0.21391446875468226 0.07336651539714276 0.11424185486710808 0.04744773818634488 0.053590158999179974
0.0224374529916477 0.1553353937249541 0.36269882291368777 0.10230248260962772 0.055946575516898626 0.04346428954115243 0.0975704325753498 0.16024455012668176
5.829175134365908e-05 0.0025257001529511384 0.007941267723825744 5.466924174019766e-05 3.3836639371638804e-06 0.00012125476289019279 0.00019056953403414348 0.9891048631692778
6.872157042189313e-05 0.00048170626024144145 0.0003290105429419067 0.00045667012771441386 1.5570439544328737e-06 0.0010131938890162347 0.9961668574649911 0.0014822831007184727
0.062119592817939794 0.21215969434061682 0.24965838991718117 0.2479612278441863 0.029540668256960136 0.022592112799420028 0.023611573815819853 0.15235674020787585
0.10473995267303905 0.2044167710059202 0.31927480594256435 0.12113766940594768 0.013896904140174988 0.11809538258942892 0.009128514740181505 0.1093099995027433
0.11391445730904969 0.31392457792411804 0.0723768858341273 0.0008027082407301171 0.05103909760417753 0.144546899624852 0.12267201522270814 0.18072335824023714
0.1297843543851163 0.05557744261152631 0.20442745205370388 0.002145692185496757 0.05020897277259297 0.41450111449815225 0.10779458248976453 0.03556038900364716
0.00659398852721298 0.02041363343904545 0.15168348652241845 0.11286047266723843 0.002048458966423163 0.4688794532366556 0.04270520855477395 0.19481529808623205
0.03256734821326953 0.015875216481938265 0.20155646716032963 0.028772586115727836 0.04887693115277279 0.04853416027356005 0.04898997366729147 0.5748273169351102
0.12167482681692274 0.05457730815185162 0.2372085891983349 0.15347456397582268 0.00680465002107416 0.20794254191981862 0.09175467651432524 0.12656284340185
0.09111181075297294 0.06395957745300004 0.031054460098024504 0.0039144608184285695 0.14161784925582907 0.05498495146531994 0.12682528575885377 0.48653160439757137
0.0722748953079733 0.0027784616742032213 0.7764105293561172 0.04309137811886722 0.004362669063930658 0.05288991688845157 0.048190773652067 1.3759383899064223e-06
0.1515252643454453 0.09937734314795069 0.4442156294457906 0.22282506400128815 0.011853224523015522 0.0169575065784325 0.005831972533510462 0.04741399542456649
0.11923042975253252 0.03822538499468561 0.5679970138138748 0.013438400052173859 0.017447930737261398 0.07745073597635295 0.045776762780935475 0.12043334189218324
0.15540040303512156 0.18431560146215137 0.2646584976603635 0.014116141153463917 0.054777274689089495 0.26872148698138126 0.028107350181078402 0.02990324483735064
0.11458832627995567 0.017446832150703723 0.1044214102534023 0.011907301641010424 0.00041950110777276925 0.47065766493828043 0.035095449930904764 0.2454635136979699
0.002896236749104075 0.011163201462105213 0.7672791412286635 0.012071033177053268 0.008194091049092557 0.09302588010686218 0.025380230076505472 0.07999018615061393
0.1473994805244257 0.011549929560778455 0.39773973298440357 0.05492643639843186 0.029822337215692333 0.04380393589200986 0.28202697996329873 0.032731167460959484
0.123793430653547 0.2685188017237374 0.16798803009482696 0.0333429928715917 0.010847664810022358 0.30022146147089435 0.0009683142276110205 0.09431930414776908
0.3238100192360906 0.037789363032843075 0.02257995495310778 0.0022918112005688818 0.06626012772146184 0.2880420747075686 0.036204932778169795 0.22302171637018944
0.10289796134774229 0.04884628350704996 0.4899707123405063 0.03986728587701259 0.0695029305014215 0.08500743101516776 0.13391786225900715 0.029989533152092025
0.1018024738234537 0.02992109772927803 0.3372600609685297 0.01961210785868754 0.2544430475570692 0.1034620023510658 0.0749193141044261 0.07857989560748989
0.10528935373130952 0.08518368834499092 0.27700259168346436 0.072990087683208 0.04078763873444646 0.3478876889878399 0.04512306391279663 0.025735886921944097
0.09511315901308609 0.0668910671428568 0.3004157742087227 0.044080740116721764 0.06369226006835786 0.24126319575288438 0.12392570418249887 0.06461809951487156
0.007151157012937252 0.016155432386225348 0.808339848077774 0.10150540083295842 0.006451702906518212 0.03686185764413359 0.003945678132683254 0.019588923006769888
0.009557495826157262 0.06400218495248637 0.4837885094296514 0.0718429048293618 0.004998873112841374 0.3366016251274117 0.0009310079063241068 0.028277398815766012
0.035527412201262536 0.0696801284743165 0.5974655357896121 0.24475881097335717 0.003690840718784007 0.02597153449413727 0.002482846231446245 0.020422891117084174
0.03921243730758891 0.052644406262884136 0.5274638400498535 0.09203335119917928 0.13822738832327586 0.04192907258679832 0.018142449147358998 0.09034705512306128
0.014377207427552621 0.14310284361423417 0.5056326643987038 0.08061952761936646 0.032681286967171805 0.1816334095671088 0.03319752499740794 0.008755535408454515
0.08543301025852974 0.05083338344686864 0.4966453999322086 0.16279752275415524 0.08915890520248071 0.05539520043838812 0.029544264642480215 0.030192313324888448
0.033635042704644624 0.05008644023175315 0.7730486523034533 0.013940033051610384 0.053123471500365116 0.05727539169610496 0.01570942586243754 0.0031815426496309166
0.1139252617676027 0.026051880690339445 0.7704346299521903 0.01525920400064099 0.013586999749460869 0.03556679286269526 0.018301396550000088 0.006873834427070123
0.09727178987812395 0.009458028277062096 0.7963534116294179 0.014825694501686573 0.00840681100719043 0.03322018008883177 0.03855023411125067 0.0019138505064365521
0.09200655412806341 0.0006819516253549242 0.24623179208995852 0.5353879267579701 0.028385905701165826 0.08747737066998754 0.0017912132289857668 0.008037285798513942
0.018785179718302947 0.04731762854112579 0.3787451601414577 0.009291956080241841 0.0028598496244908464 0.5079439685277181 0.01858309715500211 0.016473160211660592
0.05350215804646904 0.015686584446431676 0.8478099505450356 0.014548822484741581 0.002731806373753144 0.02682955388643799 0.03173396441505766 0.007157159802073397
0.052791461864560324 0.025268892642770727 0.7830920233408128 0.017143276783642768 0.020060475316164943 0.01389296713897792 0.06767785075432672 0.020073052158743873
0.012466964393253408 0.01858545458818347 0.8489552192593228 0.038802458711440176 0.020105298702152295 0.010516838706095176 0.0355376596701964 0.015030105969356484
0.07716889504699874 0.013889904205789795 0.6023350943220677 0.24582069974953447 0.013278056651544837 0.018962315500694448 0.02017645970684601 0.008368574816524154
0.05152443121339049 0.014614310378067423 0.5064927612428437 0.07772801712493657 0.0002359513087817703 0.17502413695501987 0.013009245084739584 0.16137114669222064
0.051605042312474834 0.02884042999084577 0.6518749272297476 0.07705524066977149 0.0020531696006492444 0.011634358438505028 0.16701163160751598 0.009925200150490055
0.03385688558001703 0.1315816951342638 0.5580679230612585 0.1608388899579019 0.056941150902690356 0.018812479598878787 0.006164267564963879 0.033736708200025736
0.007869936791182352 0.04768864508195986 0.32121818438231975 0.054537525196961464 0.1172573347165994 0.17078123818227 0.2679151654574708 0.012731970191236461
0.07268156260493837 0.0031325880851087395 0.792090530541699 0.005734181434926556 0.04501867436171979 0.014282238269723717 0.060382872746878084 0.0066773519550058875
0.05967202439820604 0.08937791362849748 0.33566670488133055 0.21096591022933667 0.008500060968312548 0.10861581651664494 0.1403152020404211 0.046886367337250545
0.008292443303436429 0.01146316513172905 0.6622343843486816 0.14699310627680043 0.06360016498064411 0.032121019700329274 0.002901133311060013 0.07239458294731915
0.12925074036174233 8.981497494444847e-05 0.5973369148251987 0.06836078124230445 0.04170894616824165 0.1470086765468631 0.015745446204858807 0.0004986796758465034
0.13765209308475176 0.04955894742064761 0.45715539161906316 0.22938612451232243 0.07107927553817697 0.04492847067162917 0.0018725526177449184 0.008367144535663888
0.003523658426980398 0.009021359097973294 0.9118333321994954 0.0009511674165166676 0.0003661072151278932 0.02654522709467339 0.044672234341623554 0.0030869142076096054
0.09489636028174134 0.019756699804674104 0.49072712295218035 0.025777279430023763 0.04351862169150999 0.060305922299803236 0.25250494379251515 0.012513049747551994
0.07091791806574861 0.05426280463740305 0.6279634842836289 0.014961982041774983 0.06620282142388347 0.033405726400043315 0.10062536989977927 0.03165989324773871
0.09876822743261081 0.02390088236885196 0.6478681912651665 0.03396538571329545 0.017957886831182445 0.13709539407831575 0.021729159867445308 0.01871487244313172
0.08227204354537575 0.06553956586450212 0.6186308559336118 0.020435330428836312 0.029537513745071308 0.08644689890677623 0.08242890238090667 0.014708889194919583
0.05928101979818958 0.05703636512514065 0.707503982624298 0.09258904062888329 0.034410782779846466 0.009661057527878976 0.02685146345148112 0.01266628806428148
0.08315802492706324 0.013532293628974032 0.6546321198314387 0.0017609841577607304 0.0799659175949591 0.03260007369733946 0.11540393773384167 0.01894664842862317
0.027557423571152186 0.04282579471170806 0.6431873614450314 0.010177596984253055 0.05193256763180274 0.06448070581154389 0.09517252263897964 0.06466602720552884
0.006434860163250557 0.26750091462053716 0.573930363032052 0.0017128236797055016 0.0014360561400805253 0.0007522086103709847 0.14822986208726402 2.9116667391719097e-06
0.11866506553060863 0.06512176173505396 0.40120611988195715 0.028268626145057527 0.15694281884974964 0.09443805150147314 0.0603772061718047 0.07498035018429529
0.06678440794027721 0.01774350907487675 0.4692111907373543 0.11920374732534672 0.16526026755108217 0.029264648184496606 0.09009911009551408 0.04243311909105218
0.059264858009293916 0.0222535357784225 0.731543951645423 0.07479628156335184 0.009009474842649062 0.048574095076147204 0.018059899624995365 0.0364979034597178
0.02363473450613966 0.004919086442077054 0.8060586109070564 0.02168930009360782 0.0060058663735678515 0.039577483796153445 0.08760320462573437 0.010511713255662672
0.0582692737659405 0.009685220271713793 0.7083410332737834 0.13198041219403087 0.015750209716344284 0.04471580809774932 0.030942442036719333 0.0003156006437184631
0.2136329433325551 0.04132292134191329 0.5785676440972413 0.041387693876468776 0.017357107901495347 0.002945487209867417 0.09879080843826549 0.00599539380219331
0.008864383524793684 0.07818382920315467 0.4080869335717343 0.11038863400083437 0.006292741461641792 0.014018650540849279 0.03723205136036782 0.3369327763366241
0.03237004667346228 0.00046471462052034466 0.6825413396015555 0.033021465474947664 0.06021631924263141 0.0395276372160269 0.12178243659320004 0.030076040577655835
0.09424427836335594 1.1386209797072897e-05 0.6551778579852539 0.020013144029834368 0.007967910472852346 0.2010821172647587 0.021408287040507627 9.501863363995275e-05
0.10581660000300008 0.014440049076214177 0.7399872654698376 0.02680053175532814 0.008038802608102816 0.07820213541772156 0.02656121472100302 0.0001534009487924696
0.012401921025392318 0.02156103718271623 0.6298448051199512 0.16798212670616677 0.04808376378261653 0.04780311049370394 0.02772651021273705 0.04459672547671592
0.020221244178542534 0.017166617413275694 0.7801525479769075 0.07854713469548619 0.028853111001847762 0.03344893493682584 0.03008273782957624 0.011527671967538315
0.034657804885275346 0.016735332841128065 0.8664284452009577 0.027010788735427463 0.013182505303815376 0.02212000870803084 0.017891083625339185 0.001974030700026014
0.02492760280847857 0.019206118610651097 0.6480441280007525 0.05415893515260876 0.010803099747009107 0.06135091878649272 0.0284142160124067 0.15309498088160048
0.023600859254214738 0.08047889214756963 0.44927403848671144 0.026879776529750234 0.08285284048676413 0.08572206590091329 0.15073452457371325 0.10045700262036336
0.047289302218014376 6.97817775550857e-06 0.8653916362584677 0.0037376272468483285 0.011545111186331322 0.041472157858990166 0.015392117038345124 0.0151650700152476
0.16719111785341745 0.11491965163392866 0.5970705616480855 0.035142513843203584 0.014694065325759537 0.04488206577612207 0.00352314630035817 0.022576877619125163
0.020227728312790037 0.07719473420729514 0.7783278852235501 0.07269196599886453 0.00041496686261006775 0.015175426162286147 0.011398973995825078 0.024568319236778793
0.05954847046255903 0.013122290253499286 0.6155900966933852 0.10069158006732522 0.04192862283192511 0.15949915271780157 0.003019330858323091 0.006600456115181531
0.12659775112744148 0.005644857663389603 0.7780478661442156 0.007221353412488839 0.04297469508230648 0.03478691409570592 0.002812632543956832 0.0019139299304955762
0.07662694590960115 0.05884489551785337 0.7502763408274248 0.005849187447569862 0.0376490153138675 0.049621003859251125 0.008142752851815505 0.012989858272616835
0.00707548548773568 0.06736678630162801 0.747382294839722 0.008628611472448623 0.007722394136102327 0.0020858190372079677 0.15445469176906318 0.005283916956092139
0.0048905813015591715 0.04953117834779437 0.6599063000981232 0.005570563090822345 0.0009184637271283968 0.019491017476725537 0.2513478318306901 0.00834406412715688
0.018106581374833234 0.021342609925347294 0.7479770507962421 0.00026549333318990714 0.023179554691907925 0.0001169754205599991 0.17318099314107177 0.015830741316847703
0.15507683488236945 0.04483299515876839 0.6404440890521702 0.12729284588984033 0.010635036340670014 0.009518572214574451 0.00944921906433016 0.00275040739727644
0.26836371584634816 0.03481216875486612 0.3825287310774367 0.17610960674316295 0.02898154310331825 0.07245451959019031 0.013533682524472717 0.023216032360204964
0.05851932442499488 0.0177425671247594 0.6287625997193377 0.1616189313318431 0.04064025284466883 0.026522102351901628 0.048961614306593085 0.017232607895901374
0.04245886876570277 0.07497823191604218 0.11627507244905143 0.4112266391160313 0.01889139945279189 0.21526409344451988 0.046156058535249414 0.07474963632061109
0.03500434771803283 0.008377992820416848 0.3536058241643819 0.42492162087811125 0.004583846776710156 0.056228641955898 0.028716780816951445 0.08856094486949745
0.06364525512718995 0.019657839959803684 0.8034736791333502 0.04283752786345804 0.01662453187166914 0.04025035547284146 0.0044738319848087625 0.00903697858687875
0.14732499495728257 0.03393686052272023 0.6498578672229224 0.0596645610259899 0.013428019796627614 0.04540097196558824 0.023841791149759924 0.026544933359108815
0.04032280376905578 0.03689292900181751 0.5779443672227683 0.07100172637478858 0.027793684913418368 0.030514382801959818 0.041609361828261235 0.1739207440879302
