0.036123564973201926 0.05190922664708413 0.041991734633645826 0.06660609077332061 0.1095243432378885 0.16230259153961804 0.04817202972795148 0.4017145325208672 0.013897223791362032 0.06775866215506034 
0.023692733519721343 0.0676434633469498 0.04140559513939109 0.08500217429750165 0.09669042391363622 0.16643810913163218 0.08978387951732038 0.3302442669994899 0.01866216029942446 0.08043719383493311 
0.029318588678759545 0.06832895094900003 0.04550484187276268 0.06380490792668464 0.05114668454319371 0.11260824587061723 0.034694500764093354 0.5252798959184107 0.01735676604614832 0.05195661743032979 
0.01492344991229807 0.06349268098955273 0.0512627010454068 0.04118244282746866 0.11370695086267658 0.15872972372872904 0.057660588481535234 0.4220660363847534 0.0372803778803931 0.03969504788718639 
0.01478766004287056 0.05158274218782205 0.03447258389287166 0.03719978471882526 0.0560848835134184 0.25696304473941967 0.11811575836653081 0.3478601865622086 0.019740712894716975 0.06319264308131606 
0.010686057057201891 0.06944027774167348 0.03371931099604231 0.051328630926163694 0.05079738533653685 0.1372212999913702 0.056269925844387295 0.5519756633266075 0.029434212911649472 0.009127235868367303 
0.017245788010425978 0.07247516460155218 0.03894546209671935 0.11225351685550701 0.0744816087103969 0.1582241601584445 0.2949472269872552 0.16351895829180504 0.009236883503990632 0.05867123078390348 
0.008619047905249996 0.08527835208991771 0.04636317837194576 0.06494370723838545 0.0796830031255674 0.07139353037758821 0.027517155475007393 0.5478376044114678 0.02268839212199794 0.045676028882872394 
0.017999871415917877 0.10716247622402698 0.054541030027587596 0.0727048454360427 0.08831413823067813 0.10562699775442001 0.024066358259740912 0.46416344521069475 0.009480665829633207 0.05594017161125804 
0.025641998371743545 0.18478656175830935 0.06867598980477843 0.05525246342021669 0.10720381106859109 0.15705283919043028 0.023771506803844836 0.2742046241910877 0.019918884845652993 0.083491320545345 
0.02256745970417931 0.042631876696789264 0.030376903053269646 0.10298077048527668 0.09456972073182365 0.18165609368216185 0.04351394542766432 0.3902988621770576 0.041359544873881736 0.05004482316789599 
0.022658772886248204 0.04858708565950921 0.03429657195448405 0.08264617021638608 0.06898833245077463 0.15094477491980668 0.03607625464376571 0.4799206751774161 0.025110965445600493 0.05077039664600884 
0.01964047663592529 0.06996625045531767 0.04496529700293294 0.04804356200146365 0.052725707087438366 0.11489507988748374 0.11688275965456979 0.4831981134448909 0.019242727890808203 0.030440025939169446 
0.015286638496765006 0.0672315497578269 0.025975032830225904 0.08369921478846686 0.018725212465695227 0.10995249935963469 0.06426363861665763 0.5696152601676912 0.03368964164093486 0.011561311876101666 
0.03709172921799112 0.044121244205722485 0.027435103493931426 0.10896554940669495 0.0470136068946821 0.12420704288344225 0.11941900142514264 0.3859470676054435 0.014786971897307386 0.09101268296964221 
0.010422621731865183 0.046882462001261775 0.02982664603462821 0.03525158960775243 0.04478869346932526 0.11096723589403833 0.01851876198157659 0.6845099641271778 0.015400544748586039 0.0034314804037883537 
0.023934864989492294 0.1019543195104528 0.08773069617083594 0.08131622590787585 0.06793068190973943 0.09392553810596284 0.03541488499910523 0.4412413323410491 0.0077134387276425334 0.058838017337843905 
0.016407027249218012 0.10056845020990561 0.04245093826468119 0.07443171977034806 0.07142437347370809 0.09724247528828128 0.020832685939124015 0.48512551670255394 0.035686287211696005 0.055830525890483824 
0.0267330628495779 0.050705408614728095 0.12076302105990448 0.13011758967024561 0.11994005978773259 0.09279882267086532 0.0632404982078756 0.3161951422212165 0.022534047529786685 0.05697234738806708 
0.023880059082433246 0.08684740095462114 0.10398369035478479 0.09165477503094968 0.09036568191062219 0.23415288997424177 0.058258917945563135 0.2317547180999789 0.010487412941041207 0.06861445370576383 
0.019750212635555032 0.07641942174312655 0.03531905061358237 0.03807689178289726 0.05768838082044202 0.12970504832173085 0.054016900446095764 0.5137668161138648 0.009082945183126499 0.06617433233957876 
0.030645433383616832 0.09487799438365085 0.0396497018733962 0.09781692627993349 0.08412607787740294 0.12841509216091407 0.05959017342810902 0.3794861150247579 0.020574306217960303 0.06481817937025833 
0.029105309691264642 0.14869280005615354 0.0282748150617431 0.0710416438572255 0.125220109425801 0.21616634013752428 0.005504466816711556 0.3265706404625516 0.016376162427889 0.033047712063135795 
0.009321678976743929 0.06396928802121263 0.02890947546327418 0.15302713057725295 0.010720552338606512 0.20013094259233924 0.010447765401575288 0.4542489605547567 0.017851812983925498 0.05137239309031304 
0.02461689405725777 0.11846441182740884 0.07227333889366555 0.0493668558161926 0.10277882435701105 0.12692410702882673 0.0314751768159895 0.4133259134960473 0.01853529354001948 0.042239184167581094 
0.024820691292675435 0.07897900905254102 0.1093426713731568 0.08377728662809299 0.12272117784259431 0.30307262375916993 0.04631428467667842 0.1290495221408925 0.0347038943520133 0.06721883888218523 
0.0076599165938023035 0.08708740902024856 0.0343701551667327 0.06289131794198662 0.16777937130557227 0.15855193130765458 0.04822799098656351 0.3180845018869031 0.011947959651815285 0.10339944613872094 
0.011239874634005505 0.10577934576676166 0.032740569028833315 0.07871554555902965 0.07627474757345222 0.1698886605388993 0.02625642867330082 0.45371847268786597 0.013147771923206437 0.03223858361464502 
0.03748163314136505 0.10321861667458732 0.04652958921021572 0.0707327230997742 0.09058322141673159 0.17898567443825386 0.045655117948312535 0.3208897567974121 0.032045358731829475 0.07387830854151799 
0.01875551532106841 0.06575071152944027 0.021770715178420406 0.0873031434787898 0.06283093161469028 0.11762931975437711 0.07628410857665044 0.42371568037866336 0.02115067774765071 0.10480919642024927 
0.02311181804301076 0.05075847789635268 0.035258791662085016 0.038519646012620624 0.08347275904077295 0.18702371934050363 0.09995868420578562 0.42927496458550296 0.031610448363877795 0.021010690849487996 
0.005555827812121956 0.05368034912287158 0.11135800841026486 0.018231962259661262 0.0878005412850308 0.1107152991677343 0.017895064589236464 0.58512829945578 0.005668734294543867 0.0039659136027547694 
0.016635767222575457 0.02962484307875156 0.04565233569833637 0.14564639294671744 0.15619077349365282 0.27895091666977606 0.05929819664010413 0.16841997942625395 0.023531788681272 0.07604900614256026 
0.03016739750361909 0.07761429805551402 0.03225528246354415 0.06026346594481261 0.0971680466810113 0.15583770706749764 0.09226915162455016 0.3908944631183798 0.027607775094372202 0.035922412446698936 
0.010694702874473466 0.05359123222388725 0.01617281968042536 0.11237808968084229 0.04758421947138238 0.09604403248510551 0.05182818862924086 0.5588693704153268 0.042697236880825176 0.010140107658490785 
0.013076561025640206 0.0783692922231076 0.0660178648667606 0.07125957860927029 0.07401256493855782 0.14185862666008672 0.0474940993488249 0.40194589660656377 0.009951268860829516 0.09601424686035856 
0.02064427766343007 0.06016035492459397 0.07026054407751596 0.08122598577707249 0.09413949493145268 0.17224410392205236 0.05721368816224565 0.36179108301262936 0.031733827609857046 0.05058663991915051 
0.006008054782859903 0.04146486868779993 0.021354269526576767 0.017623200773377593 0.003060834722644179 0.02250662381243208 0.01729755204717791 0.8615793981598013 0.006130151499077565 0.0029750459882527517 
0.01202082250741674 0.07558968335363567 0.06805447919257189 0.0212214212553735 0.05627735960359836 0.11928005137279762 0.021451433147596493 0.5852042015545676 0.00538977693567044 0.03551077107677161 
0.012717025786584346 0.09540687277777195 0.010563796422618973 0.06718014210370545 0.06357512166523589 0.1189897798415714 0.05312561547221127 0.48131505838526983 0.006267741019572798 0.09085884652545809 
0.0076304960459741555 0.06241774077084767 0.03750557265524095 0.09132839224423839 0.1123837068768455 0.19886659256253783 0.008244969332370683 0.3945445981586418 0.04818875193115063 0.038889179422152524 
0.007594100531093924 0.043759408637587274 0.023999770206171653 0.13667001106765517 0.10404663070994649 0.11644130690118133 0.08614239156644839 0.2515757933254151 0.1509194117239603 0.07885117533054023 
0.015011118973146512 0.03899778454689063 0.030878809012650627 0.05506515910861424 0.04741499579902246 0.10508326010458129 0.1373681431492378 0.4889448387264786 0.03710418249777701 0.04413170808160083 
0.0064492158913924055 0.10000262586105096 0.04158609911923174 0.08665453481648279 0.10288598811783169 0.14608931798812141 0.05283010562594771 0.3802563747340796 0.03151864825384835 0.051727089592013324 
0.022254263064590864 0.05386385233052739 0.02314434308258121 0.07882886739952666 0.08730408535345383 0.19393619340353863 0.061902435490726916 0.43997416853056 0.023307079021454857 0.015484712323039778 
0.01013417224259911 0.07611647130944342 0.037463681974613985 0.0475309261284884 0.0744688390659006 0.15602080557216028 0.026767825829796203 0.5123814196793434 0.01988053001698233 0.03923532818067224 
0.0256962990788619 0.2198513316942348 0.041175276948925435 0.05948720600584076 0.07966862720261648 0.11288953836786116 0.10574715078670345 0.27923562440915944 0.04459956524455259 0.03164938026124391 
0.01766159974211936 0.05126273718764037 0.031144548997926697 0.02830335277106045 0.05698478543893994 0.12727885411406104 0.07591661107761175 0.5609696546064054 0.019655381497667893 0.030822474566567115 
0.01747746554038287 0.07506224750890211 0.05288001348437294 0.13735468089562256 0.07024787441462048 0.09425373073455005 0.1677026285735296 0.3057485572602514 0.02494696526122699 0.054325836326541053 
0.07955091631626802 0.08179194398794475 0.059576929619148115 0.08417183937984803 0.06092378007018087 0.14410981222551847 0.10376088574006513 0.3551810986073425 0.010295110827654557 0.02063768322602978 
0.014002484229610928 0.06968232007495247 0.04589610793722951 0.053961850091226025 0.05871027109225324 0.09836090000477925 0.013141604976010775 0.5820447370988903 0.025109171202286427 0.03909055329276109 
0.010300733680253478 0.0521647886988142 0.05581015614148459 0.08617338307036178 0.06903432657936563 0.0893262791498509 0.025806407561428178 0.5802471216990374 0.019099900355892895 0.012036903063510936 
0.04018999684859529 0.199245239173752 0.03686637285718183 0.12070647622837452 0.11567946020691891 0.1349961958948898 0.029842408528190513 0.2516033354742159 0.016885700803411 0.05398481398447041 
0.0451450756592821 0.04151955826490615 0.07466078759816486 0.06671914867819655 0.047427318432762024 0.13856443483590372 0.06410455493268687 0.47114485015774843 0.018963810669313696 0.03175046077103582 
0.014009498652434681 0.10693554064253621 0.03610074929647964 0.06824430215366949 0.08760173879427398 0.3801190539356781 0.05459967749103256 0.1826361753376083 0.022615244941365735 0.04713801875492141 
0.01278846809510598 0.05526718192734274 0.0512140695932574 0.039649945602918464 0.07329755072113876 0.1072738950433446 0.09563812234399231 0.49243470500732894 0.027361567136859784 0.04507449452871103 
0.008722604312659393 0.09739622677749295 0.05677314731259168 0.05645128940432458 0.1609106877029706 0.10664982012700049 0.03897078088994319 0.3910153559501745 0.02747003691465042 0.05564005060819227 
0.04685054613177657 0.10217796611762853 0.05828672888702955 0.08923577979521538 0.1401582729509368 0.23115116898267685 0.03978054458075004 0.2246791225957378 0.02098957963354999 0.04669029032469843 
0.012002730597749901 0.07848407035059075 0.04466935799266099 0.04901898300105816 0.10154220840204302 0.1637815551636615 0.16986595677161764 0.33022783088430263 0.006865949800266059 0.04354135703604947 
0.021441078046992818 0.04448420586381438 0.072753788004538 0.026557152342219673 0.05982489309957309 0.15936368571870735 0.014259306151775078 0.5621927548753567 0.015393715964192199 0.023729419932830804 
0.017739850017810047 0.10310037949805884 0.026377034475540264 0.02591070133223778 0.04236893254859115 0.11103124541060613 0.0418636003751563 0.5420743625050073 0.03477407882542381 0.054759815011568465 
0.005796251900472993 0.08777149230222527 0.05258531168047015 0.03823497988037093 0.02784977017181912 0.08456770513279172 0.006035586621474226 0.6533209986311331 0.013947046102455852 0.029890857576786518 
0.010009680036091954 0.05893603011950106 0.05319486444402887 0.08773300835497316 0.10529318643824355 0.19534190156183787 0.07755794313888133 0.3056490000510036 0.04626360181526948 0.06002078404016917 
0.021203671668090868 0.06997743178262138 0.04830715643532827 0.08111617814542925 0.11533954385489716 0.3999558627875744 0.08782301573080828 0.08943390414651542 0.010954733165075597 0.0758885022836595 
0.01889322212316088 0.0412150578048976 0.06853578135245329 0.09497763893884259 0.14400382445412716 0.35935785528789965 0.029774270472547822 0.15421572521827565 0.03021618495729556 0.058810439390499604 
0.018744756700416604 0.011990948655048714 0.03288074628811051 0.07742106197030403 0.33616180677598606 0.32479886929418195 0.01512030557602886 0.10792707833603368 0.03919033437963593 0.035764092024253936 
0.02797303800544095 0.09744315237323808 0.06671055785143243 0.07120492656402683 0.2976220450550483 0.22537731300125308 0.0588842757743039 0.06493768713321937 0.007143869381569788 0.08270313486046743 
0.006191162534942422 0.05089564967595213 0.01960822797614303 0.0657833311597237 0.15145474550407942 0.5574868720809307 0.008002011158935863 0.08363217769652188 0.008205439493108433 0.04874038271966237 
0.00980356694515024 0.027631044746075386 0.030598341137695686 0.08855516598258642 0.17083937068238966 0.5087600270473353 0.026078573763923505 0.05023536832857101 0.02200483984494078 0.06549370152133209 
0.004676049409624829 0.06948518207055791 0.04410428266181215 0.06196927228631358 0.12700807631309066 0.5871317961854574 0.005240930025569242 0.030332360455585974 0.01840982656540208 0.05164222402658606 
0.019005998122384557 0.09804853739352871 0.05986170619015403 0.06795571562956695 0.11500253581237857 0.384088120892703 0.06255139044024023 0.10392478419532962 0.020325012788577502 0.06923619853513668 
0.0028463623828323473 0.0384176377636189 0.031911435817276436 0.05106617658099458 0.16477765715771955 0.5169173389549724 0.08407167911094597 0.07138459863412965 0.00972358148590077 0.028883532111609437 
0.014881354037386383 0.0391160695147109 0.046574354838720085 0.16067753279351013 0.12599340644260076 0.43038624031761685 0.027206944153845534 0.08493692414450557 0.024441105872764105 0.045786067884339726 
0.006530618654134093 0.04923965393835871 0.015131838279926207 0.061452000381296626 0.14225702725068318 0.5541354767285411 0.054247693259939646 0.061278988200571115 0.04635431014847183 0.00937239315807741 
0.013134400188209374 0.04336268316907827 0.023632194660526705 0.09919942645542242 0.11924734793282254 0.5390069810214443 0.08414874106561461 0.03830546238768978 0.010018180667003268 0.029944582452189006 
0.01036980705456124 0.11988558446305525 0.024294400888359595 0.10201285564944862 0.12943430735630956 0.48520135837558925 0.04079030931911207 0.02922741640070066 0.024885164613334718 0.03389879587952887 
0.013660852783211901 0.025600530440160495 0.03872591964605154 0.16889850671595394 0.12443326827502783 0.46416840505901347 0.04485500182764627 0.07600031201760409 0.031348812216856044 0.012308391018474286 
0.021913383238576604 0.07711305440132962 0.02806258155721443 0.04598908264490717 0.38876282932166784 0.2848388411631265 0.008860433845478813 0.044732251348971255 0.03417239402804287 0.06555514845068486 
0.01170670381275988 0.1838363274642373 0.043350977204185015 0.08075230419397236 0.1505538612836428 0.4501081088576271 0.006764056187192321 0.033742754503896515 0.0026822386615723143 0.03650266783091434 
0.064586855621857 0.02799445934805395 0.01894367744978392 0.07338356445273099 0.07749906532650255 0.5394572601516301 0.08710315532317509 0.03436569197681538 0.006660682789009224 0.07000558756044176 
0.12799211299415575 0.03838609979008257 0.016288768801768175 0.0322943515263468 0.09562382993263444 0.558480212282247 0.03913905696141483 0.027969605044968537 0.0063792447936489695 0.05744671787273309 
0.04130682013558442 0.05443089261638312 0.030746100001421688 0.099280139337649 0.14637405412412194 0.46573893444341047 0.061238801339226115 0.04547900957680551 0.009289595814697859 0.04611565261069972 
0.006451012734502804 0.03834560902814736 0.09355710748080241 0.06853529799855508 0.19488499287524483 0.4834409087782219 0.035043394601797215 0.032958989565450965 0.008785313595324407 0.03799737334195287 
0.010396248229680844 0.03132481295867927 0.012085126564215402 0.0557558056190984 0.11410786100577473 0.6276828342503498 0.028942374766767212 0.01638863818452441 0.011199086701994064 0.09211721171891576 
0.005148980305089403 0.09611301985619816 0.05443045004240215 0.12973918465913067 0.1539990030817726 0.38745316622250286 0.029899624931173797 0.05727530306063773 0.05330147908658306 0.032639788754509486 
0.010199039385603062 0.0376126831691671 0.01521504467099722 0.051931792284003735 0.2111705042320072 0.4261105175247255 0.018216020947014012 0.1716515912568876 0.004597500589199366 0.0532953059403952 
0.012041377747534473 0.02059504742091339 0.01900705080430498 0.07602175386405745 0.08124925631379344 0.5775831456398286 0.03498708183419727 0.11726725340863975 0.005910382948183007 0.055337650018547506 
0.011221141452610323 0.06062360574020871 0.054946232469234205 0.11315744518760995 0.22940137197005916 0.334976528722802 0.061543325144561595 0.04715415481500887 0.021197788194166227 0.06577840630373895 
0.011241120876856334 0.029707790752871884 0.022388262580545267 0.03928414462477826 0.15481509471998775 0.5439710388654381 0.03694081087777853 0.0781930605941036 0.035368829324041354 0.048089846783599025 
0.00438804401270219 0.10752356320931718 0.008210682951089362 0.18751317554839844 0.1705830036687259 0.36192237843793906 0.04582649863840017 0.08980886653559471 0.007921786178539711 0.016302000819293186 
0.011726243216368245 0.07717001274780928 0.0297008248064831 0.16631709855558685 0.0959138553012896 0.47866592304137834 0.02467595641837983 0.07064595331798511 0.02158732583362481 0.02359680676109487 
0.012264145863196792 0.12472824024374979 0.028207910492296272 0.024921812898888254 0.09147145336544692 0.5683252668044878 0.06609686255974678 0.013464053349067109 0.007049590918340071 0.06347066350478026 
0.008631033789064492 0.02584499834844504 0.013012546135940448 0.12680953223334107 0.11047655605530503 0.4989422999608073 0.05737343441665225 0.07757628379764521 0.011105381102377732 0.07022793416042133 
0.0073698157112645655 0.08618660059035158 0.020014263817158436 0.09033016030723305 0.10333300230184678 0.3746993770875696 0.1401581026390995 0.08909003510765595 0.03744094823289487 0.05137769420492552 
0.03119263189116345 0.04740918490728978 0.026992044610372842 0.09053233993671764 0.18793459607007973 0.4526591096693736 0.05317588660989729 0.0404043766336927 0.012601967666220567 0.05709786200519231 
0.01760263221940176 0.12258364215596747 0.02134834835243325 0.09351910181897649 0.16223111876624632 0.38831389457456844 0.0962798552004367 0.04095063956562969 0.007428058887281338 0.04974270845905861 
0.007176233891255399 0.022745816419591166 0.017712856005414668 0.0853534505064803 0.08421058257274011 0.5002552638104527 0.18111868099006853 0.04096981833283502 0.024330589047971533 0.036126708423190615 
0.020000617478831407 0.06470704791094063 0.018633801433657945 0.12591956938824636 0.10399421937352986 0.44825178854354053 0.06507218419366932 0.09670940538095665 0.005002040393702652 0.05170932590292474 
0.010781960391814458 0.09098055319867093 0.07831673786065643 0.07148749280506998 0.0843795743871002 0.4227622362285602 0.06171243221315683 0.09351724952762455 0.016111940037318376 0.06994982335002814 
0.02164418750522401 0.0055759806347331605 0.005484260155445867 0.040010863400123414 0.1509563362476346 0.5184201109957053 0.08418709393726309 0.02459834777351123 0.048303208345962134 0.10081961100439729 
0.008231149026948811 0.12509165899697036 0.03091404076102369 0.11705184579837552 0.1731856877927755 0.28331717486257924 0.09215252299852414 0.09958795805080112 0.007596478813293089 0.06287148289870863 
0.01700907400932951 0.1260523168369329 0.03632971468184971 0.06640243398066589 0.10479757171533388 0.3671033530653665 0.08689500864328875 0.14369642417529194 0.007622408346110615 0.04409169454583015 
0.008326804189296398 0.03250812408950233 0.026714675870448276 0.1245589054604218 0.14123433663323687 0.5204735260316286 0.03531103858556449 0.0491529740463681 0.011064717772611692 0.050654897320921474 
0.016832973086814827 0.07927071554883997 0.007672247094346718 0.0873456802588366 0.10123122153877212 0.5312741359032298 0.04480503439331092 0.03724626399285488 0.014174725414291798 0.0801470027687023 
0.04131501289647546 0.05472908858568828 0.01576414243976761 0.12232172769673257 0.16967537274113673 0.5053723648047591 0.025789074986991966 0.03296955643463545 0.007689119426060414 0.024374539987752426 
0.02481635461285249 0.05111256023201601 0.03385427789244787 0.1248865603998178 0.12261772538610291 0.508455949524408 0.05039973945410302 0.06414058273773042 0.0026836459354355464 0.01703260382508613 
0.015520612566107978 0.04699473479194027 0.15271104798852253 0.0467237571717493 0.10757061624516105 0.4298465401456129 0.03553106029037431 0.0473969016242143 0.03930536628694778 0.0783993628893696 
0.009584601626388215 0.04977145343826449 0.029871891796225288 0.06954953347283184 0.13873297047801258 0.48014918365426495 0.06796153542778294 0.10544141838212219 0.007553028668208807 0.04138438305589868 
0.010340368078720857 0.02739267416225723 0.004472784756275371 0.079555155842614 0.19782686819514722 0.5723499772031708 0.038940260041110245 0.03927155552668877 0.010550506806233054 0.019299849387782536 
0.009034723770674886 0.059202958848254626 0.008787005970684835 0.09319006757159341 0.08566506153116524 0.6148242208879905 0.05284896297470206 0.032978438705909274 0.018234470205653094 0.02523408953337212 
0.0026954785217254956 0.0954567862963916 0.056448960437942355 0.05546598164971114 0.14757212618453341 0.4966538839197474 0.029049599863597755 0.05828355364210974 0.009440033723370208 0.04893359576087106 
0.006322336738486967 0.04843121909936331 0.017818645438064454 0.07771231245335289 0.12307465590060562 0.5899499577290923 0.04911939707541709 0.039664078889873146 0.004760120559802014 0.04314727611594221 
0.006020219543816162 0.08432290175791457 0.02628546420272366 0.09010629796922977 0.1063614150003923 0.5226318844960032 0.05574868891654562 0.033218091418288825 0.004139131935398343 0.0711659047596876 
0.01667003235873861 0.06315607144999152 0.09645705038584723 0.030856067597311715 0.11715683774185975 0.5136839010671166 0.029398424337645463 0.05686494083653485 0.015918562123521864 0.05983811210143232 
0.01142921604620531 0.05523353973675843 0.06002461638437079 0.06554645083957582 0.1460666155929678 0.3726930917418853 0.05860245124064427 0.09491236521468457 0.016698791667687323 0.11879286153522045 
0.015292116908797598 0.057720120161806575 0.009696290064925514 0.04686534678026417 0.11515572121118825 0.44562379374862976 0.09245923009921543 0.15019151885213136 0.0328131956150783 0.03418266655796293 
0.00637549168867862 0.08915164655605079 0.017575512736316874 0.06497313798276134 0.11030075107710467 0.5698257326812839 0.024995962326419627 0.075897092451336 0.006505055520500092 0.03439961697954831 
0.051666305462814754 0.07655932334897736 0.03251518270214377 0.12848073097046908 0.12478870045386423 0.39968774999617646 0.04883558429497344 0.0424805995710232 0.04025737274559082 0.054728450453966807 
0.012789618096090373 0.041216114601499584 0.05062695547792091 0.07426627297275476 0.10061910410919336 0.5601215171271031 0.019355816465413064 0.03953756054293316 0.013393289913966513 0.08807375069312504 
0.008564626701358014 0.074522929481412 0.024659204265765008 0.07519220504781042 0.17667288197273637 0.507948765127814 0.042363092218342065 0.04779855058632346 0.01845533181503126 0.02382241278340751 
0.03538148350735215 0.15338653314675627 0.014638965560547171 0.17157511919039883 0.09291550107546602 0.3881347509777499 0.05345916281392335 0.04913662292861251 0.003372686704029811 0.03799917409516398 
0.009148435736458824 0.12000758030029243 0.012530527775384936 0.1274904410671949 0.09933374956283238 0.45090813442924815 0.026207621956977036 0.06461792777656843 0.03056809018168524 0.05918749121335762 
0.04251907536198429 0.03470887025229185 0.013629135729208245 0.03860385164402767 0.05858214674768082 0.562765107440413 0.07569980556817497 0.03850484791261837 0.02282102153283069 0.11216613781076998 
0.02989798963134793 0.04912477855371658 0.0048099682257895454 0.036314144295699145 0.09875867816491449 0.5628305034734626 0.05422420546202807 0.029974244311921954 0.023219065417093652 0.11084642246402604 
0.06372144995761012 0.022811712302223286 0.01706212721044601 0.04386288397987205 0.03527080904376199 0.5516461524909758 0.10232403220335788 0.05671055191622352 0.032116994161269584 0.07447328673425982 
0.007562539485938631 0.04467670914979951 0.018927706372514314 0.13460353815972256 0.09848026127104094 0.5192131296784087 0.04470276439489753 0.06444584705562982 0.01230358510541145 0.055083919326636636 
0.02186038448360528 0.036032750788554814 0.019622285174519753 0.15733149715463268 0.13189056579755074 0.41613448692867366 0.08222216153977516 0.0518622994013471 0.014358718077787026 0.06868485065355391 
0.011649206331655337 0.06602007341974217 0.032965792588683186 0.09136824569827652 0.1466890455628166 0.4491310179392813 0.0518833964881526 0.07155116694283739 0.014737654620325674 0.06400440040822922 
0.006934078262604169 0.048565223012781135 0.05295506372933395 0.11476069637998249 0.2433469054059364 0.2744861304307223 0.023735623891201558 0.05020026905502424 0.028452630099523774 0.15656337973289 
0.005662977850108943 0.04431782579752715 0.09578973228414266 0.10072054220873015 0.13071323051117092 0.4817306894018523 0.04148237696672343 0.030662091081360223 0.005075647477837925 0.06384488642054634 
0.03502199267294829 0.05183758635596388 0.023828067777595198 0.10983195109184653 0.11182279484037809 0.5252760366787292 0.04275052792766665 0.059305644526931996 0.008970146135169407 0.03135525199277071 
0.005258072083692007 0.16110221119571763 0.02765288093500669 0.11748839587745556 0.21661016950873818 0.3306846787212204 0.025004824242256522 0.03225167335710624 0.03687553043771154 0.04707156364109514 
0.01129965025186383 0.1045516862407949 0.12155137315987147 0.06245980010324305 0.11298732638789358 0.41982940381830075 0.0630090289987861 0.04324453591513894 0.011651485512861222 0.049415709611246084 
0.00480863431930956 0.06754999432723281 0.05810098882686771 0.07699264707451985 0.08467544734229202 0.3642149219106191 0.008218686756859927 0.26449010752675267 0.021130280560452512 0.04981829135509376 
0.09381844694557662 0.044026452376093254 0.03977345326750973 0.05975621208270729 0.13381128696983963 0.44342155137579575 0.050008142053732364 0.10219516686835343 0.0038123828827847568 0.02937690517760714 
0.016830936090569355 0.108334673704987 0.09145432552985315 0.05890059265390141 0.09875903396388537 0.3478219508925286 0.03493425017912085 0.14859865120331045 0.007429232564912729 0.0869363532169311 
0.009421781699126573 0.055129218212973514 0.08963217526887435 0.06491614550638146 0.20245742895138347 0.3338501164486851 0.0709570978645597 0.05658854923374732 0.004453601138735817 0.11259388567553258 
0.02655631203525649 0.04415944617257046 0.06819601741731078 0.07069886336527206 0.12971313128888087 0.5299899462190004 0.03528275804515618 0.06064792224067994 0.02590282566678875 0.008852777549084045 
0.0058587476939233095 0.05574018575815407 0.026153074755189208 0.20522134360975705 0.10042271614622551 0.2898044133740339 0.10582111960599316 0.05086460900546741 0.10766374337758171 0.052450046673674734 
0.0023872974819112427 0.05454315706482988 0.051114165911976095 0.20014070977035223 0.1464102031905445 0.37804020827502544 0.03684203172930213 0.10016272807515128 0.005060202556578131 0.02529929594432918 
0.014279135063151871 0.04952452371949664 0.005870488795811528 0.04959361536938289 0.14722120552954734 0.5394288837166066 0.14440789931984566 0.019650662145720015 0.02280528918591843 0.007218297154519104 
0.011873288617765116 0.07257171944348315 0.0480424075695056 0.12857535085238825 0.13768508269979132 0.45942591724489523 0.020686373378443944 0.07005696259261864 0.005555821791261842 0.04552707580984695 
0.01821726788426021 0.0817548697338198 0.025648289420093184 0.10999944556690806 0.04429948497225974 0.4619930941821671 0.08372054737707182 0.1198408613719698 0.005909090418856271 0.04861704907259404 
0.01161107453243389 0.05273871085321935 0.058430564925787576 0.0761569769649224 0.13179631720908 0.44682745668309043 0.09012109554983147 0.04303723490304828 0.002838660940226926 0.08644190743835957 
0.012585037514199381 0.023331986196800544 0.012387451303983532 0.16412734540368548 0.09439305414528107 0.531321144402338 0.03423172941355606 0.04192839725369614 0.00805295825881228 0.07764089610764748 
0.0025110727510653727 0.019192563480850425 0.06736594423808671 0.032860254975228695 0.20724396507077353 0.6034557905628674 0.04706461721222089 0.01200066749597152 0.0025621032007149633 0.0057430210122205875 
0.03906063688932296 0.01782973985131305 0.03438186291631119 0.052390477173811255 0.08667959880254443 0.11927201556645846 0.42286464599031587 0.06528578917520121 0.032792962155411616 0.1294422714793101 
0.029300838881151155 0.1454715738718593 0.027534893298109136 0.06181424250548954 0.057028071418036674 0.16920628776173974 0.13523590406719546 0.10541571029518715 0.07839000920869177 0.19060246869254016 
0.01990089893110311 0.06285578897915053 0.02088841004140584 0.05243266234206625 0.10144114358678921 0.12930437995516533 0.3750904508441565 0.07018104953328627 0.055818550061065474 0.11208666572581147 
0.06305789078406322 0.04260269679944535 0.02271126578875524 0.06169598980978282 0.0749753681761925 0.18461279600142652 0.3628391297965417 0.07752150003845493 0.049191531396916906 0.060791831408421114 
0.016912632681815157 0.016493433085800403 0.028323144459524118 0.0707414666786384 0.06522831018492678 0.12110537257930462 0.4457179798305599 0.09861917344681558 0.06861318501851849 0.06824530203409657 
0.027295928419478577 0.10321018285578251 0.04583894196428213 0.09316048341299403 0.07855105875497662 0.1353210561385634 0.31499043396187126 0.09230666056692953 0.032563785465711405 0.07676146845941054 
0.01701419044224594 0.05826775781051275 0.02457428863424717 0.07879373456919297 0.07254328024763781 0.1723628724988892 0.15190245310203299 0.10588619747255515 0.24946520742959855 0.06919001779308745 
0.010503164787170338 0.07303864989993064 0.0186099595105011 0.13934863876283246 0.08751506546154657 0.13088727543739948 0.31961061865014373 0.09112484729699348 0.047937120743385145 0.08142465945009715 
0.004895768277732616 0.09043710965774558 0.04081979736809212 0.04918630655165936 0.02666893780032827 0.15245556984461037 0.49414713211945704 0.08750768259220484 0.028366245525316892 0.025515450262852936 
0.024376404709092237 0.05113117688124808 0.015055112101802577 0.053948182085561125 0.0401971188260537 0.2707034690339839 0.44094916997793293 0.049136131246839555 0.019022333616928667 0.03548090152055718 
0.013846442867015474 0.02470190080819997 0.0430580169445092 0.07805333040934558 0.06674019592546587 0.18088188770982153 0.40799096866907203 0.06358579938366835 0.038548000782471004 0.08259345650043082 
0.010859336802328099 0.036925787488914535 0.02938746494781813 0.0895539547813118 0.0618666771761898 0.2504177697655363 0.32764946731596767 0.0762310785398425 0.01974598934875545 0.0973624738333357 
0.03577411914505932 0.047048819549159966 0.05166253389430395 0.10518782543918355 0.08721772121325178 0.1777624628844382 0.3175680558639405 0.09367018544735863 0.026530393866473583 0.05757788269683058 
0.02213183835896756 0.02860431131487328 0.030188473315865112 0.06094136022890081 0.13301099126366112 0.14894486979389102 0.14754421350232638 0.07356236050228988 0.2827034259093091 0.07236815580991576 
0.024172178807128755 0.03424144497602977 0.0338240062408991 0.08726710448120371 0.0511006218955094 0.155544990253637 0.3845786623734948 0.07698856164612382 0.08696454628665469 0.06531788303931901 
0.028507420690780563 0.059079729186731184 0.027654334943779526 0.07150903005795078 0.057731813523210176 0.16544590591961217 0.37748474947143756 0.11812838157265709 0.051325345928887496 0.04313328870495354 
0.029824897554519558 0.04152835501047404 0.022499680463045207 0.08428902983901543 0.022725093156866414 0.17453721754495827 0.4633359183874922 0.08031266094201324 0.03848457546121184 0.04246257164040388 
0.013472625536866527 0.023855486497054507 0.060697267892253846 0.05436510701720374 0.06197138233857237 0.17842381567454565 0.43341496381608297 0.06004821800914151 0.02705592688475432 0.08669520633352472 
0.03690882289079466 0.06593433533205638 0.048333720379751983 0.03708299368905996 0.07238838218825984 0.1465861307593511 0.37926642297154833 0.13076331849559344 0.04477869003285007 0.03795718326073411 
0.02149056922013303 0.055224079546574024 0.02902913631692607 0.05182062081737534 0.06433848705013684 0.22660068917496448 0.20312692980096037 0.04533189082581278 0.05338945231227452 0.24964814493484253 
0.008800319606856517 0.02727309998544275 0.03576163547091127 0.08233997153496321 0.09008524544481399 0.13323845265670073 0.4742283328394111 0.06243473377442737 0.039927440291709346 0.04591076839476364 
0.02762387873198431 0.05421143473471452 0.03664809271467452 0.0593989735495117 0.14058944947408386 0.25601940680472257 0.22796671514681674 0.14305500384675499 0.015099115790665762 0.03938792920607105 
0.024045511392322944 0.03832496252988717 0.04775007826622646 0.06314678490880035 0.10396533051908707 0.13691551890609804 0.36439649955192244 0.0857673609038934 0.04507992195648026 0.09060803106528181 
0.02132223400042888 0.03962034427126174 0.025738379393677895 0.09494413682562908 0.07496075552916029 0.16599678644219504 0.44585295793331975 0.05962338809986801 0.04529175526214946 0.02664926224230973 
0.02486982063753646 0.05019173624605658 0.04256518336884347 0.05131242916086481 0.08150276147115797 0.23035732098587 0.34294705995009905 0.08195788744395488 0.03006388129973841 0.06423191943587835 
0.005281235796315303 0.04711725817259296 0.016760469847510152 0.29467013011415627 0.05258252787367857 0.1619568495332235 0.2985285551905032 0.09289424166439199 0.019450760391028055 0.010757971416600133 
0.007799238173608601 0.04000651669853735 0.008414036505300393 0.07320297485853262 0.059374029519244934 0.20864240477813295 0.4616097016028543 0.0828774356180679 0.03617807398041203 0.021895588265308973 
0.07572702704341874 0.03914455492123916 0.042195993961980906 0.056318340452279396 0.09394404579217122 0.10551359960342145 0.3976778143395731 0.08422678491863503 0.016351828083062993 0.08890001088421799 
0.010772234494627771 0.04115848658805735 0.05940694894785989 0.07172776223156388 0.07064955428004632 0.18019902439932986 0.3748801172863411 0.09125905042604777 0.07767425727756624 0.022272564068559854 
0.02434099218371897 0.034112662960666264 0.02552821088443269 0.06915014430609304 0.12549600641561642 0.17653198526237796 0.38221501586903583 0.04841512567067177 0.029361639931890053 0.0848482165154971 
0.009547868946194641 0.0473036173085523 0.052559163124050894 0.0819719065834372 0.06487866501696114 0.14097063285447373 0.38863579581745095 0.10919501617713281 0.02882723527598189 0.07611009889576441 
0.00958436241989526 0.038213281271799585 0.008807390644851282 0.13296294265663022 0.018846171615264678 0.2083186924692502 0.4413303058357052 0.04405460426989059 0.05013274710751424 0.04774950170919868 
0.0020146612973626883 0.008870821831097877 0.006975316954853837 0.03235893713911813 0.02847848183635582 0.08075655525506328 0.6847227986387628 0.08042575917193542 0.05792755634599484 0.017469111529455177 
0.031836674931536656 0.024941966044145673 0.015034333638907849 0.1275117710179642 0.044151213387384605 0.13679936095877582 0.4636818944818539 0.05893520949116843 0.06440975620287004 0.032697819845392766 
0.022760598297232832 0.07408162737648663 0.005219984530728368 0.06281680619957845 0.031184920517453925 0.3255251103259723 0.3193701832937791 0.04554616872552953 0.051652746940305146 0.06184185379293381 
0.019857582661016733 0.08827674294693057 0.06377545517783478 0.1337941781769941 0.08730753031114565 0.13697041893589856 0.32347991379904306 0.045612029491782266 0.027445445219238827 0.07348070328011533 
0.07640298904997417 0.10580568507481702 0.01695928397837376 0.14224930130172092 0.10389152923760864 0.31348507339503856 0.12655589305458664 0.03419183153338752 0.05051327435263771 0.029945139021855013 
0.01499833591673097 0.010532207017031494 0.021337490406126577 0.037386845271565786 0.034222585554109224 0.11705111095123054 0.5205802690820994 0.17669470260130418 0.048161601816827916 0.019034851382973946 
0.1913033858184121 0.05462803405430507 0.02606115305775364 0.024358539997863735 0.10819280500647827 0.20208113384780277 0.2336167095812479 0.021878168403920772 0.06754168396030512 0.07033838627191062 
0.014568528719708427 0.05039129421526998 0.0209129369380449 0.058819882820640525 0.10600915701810135 0.12381611474985114 0.41075190142743784 0.1371969641258151 0.02639656623534474 0.051136653749786105 
0.020684911364811757 0.04417419749471221 0.006006558905817231 0.11947467516303215 0.007064261208241605 0.06084250634905186 0.5692925289046121 0.07984761284109543 0.07883326455527173 0.013779483213354005 
0.03474805820095245 0.05125292937144306 0.04450520721340091 0.09315871758835494 0.12065275269569659 0.30700205351067034 0.14626694017127037 0.09399216917760797 0.028772290653238053 0.07964888141736534 
0.02688411346315266 0.047565220536561245 0.05861062347632692 0.04529694955787446 0.15368506744892366 0.15810779747770654 0.2986223592420269 0.15329806613035085 0.022248524948872354 0.03568127771820438 
0.02891148231607122 0.04107768064714191 0.021649436718320515 0.08141241757310133 0.06422390856557661 0.29304182440345 0.3524912605636741 0.03417501177652864 0.03382053656964531 0.04919644086649052 
0.021501440518170184 0.033825024341070445 0.018651358186142802 0.04038964512831739 0.19471111427531995 0.1707388424356309 0.215781112059384 0.07488659391926482 0.15431343050877142 0.07520143862792791 
0.02280457224234527 0.029967628731132987 0.04364895160741695 0.03364833505588267 0.044296466602899334 0.10326689559716275 0.5643281526673676 0.05331113782542853 0.05652144054790485 0.048206419122459224 
0.016307065689784322 0.08345775111873388 0.040142098152170645 0.08534746179546283 0.1932183544632585 0.1880076712805215 0.09881338168913452 0.1283672725439451 0.13413190761564497 0.032207035651343745 
0.037637884504483916 0.08252252149777964 0.031123002248283578 0.43409088067132395 0.11588041514162217 0.11543409036625889 0.058916869996612706 0.06072936405174416 0.0266663626594506 0.036998608862440316 
0.030025257955266307 0.09436884687585277 0.03939320400226946 0.4202970658127746 0.10970349582213754 0.14861029764141492 0.020894390212689004 0.06213631145621528 0.031732411936517754 0.042838718284862215 
0.02849980967489891 0.08279480166886308 0.03090807209612567 0.33907817404611484 0.10862586354775597 0.20128575831732026 0.04438816024244857 0.10875114811514794 0.005459515859298248 0.050208696432026585 
0.016691514644009243 0.05799556073420362 0.04012860156890361 0.4264037031173582 0.07693322369171847 0.13638587394178558 0.04572277119211928 0.10185766437402588 0.009672677403551565 0.08820840933232452 
