0.05183559747219398 0.046329597831764074 0.4732455068187153 0.07735201208416227 0.05836488273643891 0.0508919060368077 0.10701244825903743 0.03606906088974063 0.06162255015665907 0.03727643771448062 
0.06437531962631005 0.05458822745835088 0.3920975306739945 0.0833457483897993 0.07168710914377897 0.07342470388906235 0.12162885872036132 0.030829080006187254 0.07331995978843277 0.03470346230372263 
0.057928305221127144 0.03306446286077746 0.5182811903175062 0.05674344268136499 0.07281750289629207 0.061351172930833045 0.07177656646305418 0.028308896512611238 0.05101861905227807 0.048709841064155726 
0.06913897556151292 0.07811289610552412 0.47402218645381394 0.08705887311755739 0.038201222712152906 0.05720412053922624 0.10992254493426147 0.02000165170149793 0.04775455360341852 0.018582975271034422 
0.08335240716927678 0.0424674966871222 0.4102164938746904 0.07086497611105606 0.05843472618070649 0.05377540961226485 0.10680202771720285 0.052378723434791136 0.09288427321394054 0.028823465998948788 
0.03362531664845224 0.02986309074897362 0.5988338819949828 0.03829397519277469 0.04899021317602936 0.07596389493568363 0.10117112486710478 0.010742328300088389 0.05454579526301157 0.007970378872898972 
0.05072794817153748 0.03676207471753525 0.1316310037498602 0.041915128498170945 0.08438945870819914 0.06431584651506912 0.10564643737728213 0.025082588062500667 0.4253198490436742 0.03420966515617081 
0.04132031124839453 0.037510069350348806 0.6094325709145407 0.05669954283262475 0.061048137362091616 0.06160752475281177 0.04581672746074775 0.02020453909568098 0.03002525848969465 0.03633531849306439 
0.09407034768260453 0.04020503388357507 0.4387075664445983 0.06597977926122447 0.0704307290144793 0.10891507655287261 0.08002348969169971 0.026394440930702923 0.02458094856033881 0.050692587977904116 
0.08524122672067151 0.06701620671303882 0.18555676094674659 0.054466225997880015 0.07421752197817615 0.33031305544748923 0.09217408760195377 0.03888586767825006 0.03501923738569914 0.03710980953009496 
0.04708207652077493 0.0536935475022203 0.38249295015978285 0.053146203733861204 0.09996319617327097 0.10115983494627288 0.1460001219415527 0.0207362892090465 0.07224917339043228 0.023476606422785352 
0.0566947816614011 0.04031961543018747 0.47913830856750145 0.0531651099564176 0.08525688414709387 0.06423831569226839 0.098861751347739 0.033016967043866786 0.038716679659274805 0.050591586494249455 
0.05772397576320848 0.061456483786381 0.4462823276881642 0.056435322544630816 0.05167808278995564 0.07064548511006935 0.07088703806485736 0.04047400717856084 0.10887830701243749 0.035538970061734745 
0.025203626509476305 0.03583266205100042 0.6019205294628516 0.024716538405722438 0.08686755249966344 0.06385564588294294 0.041921914574200546 0.01955268085630845 0.08914766119376866 0.01098118856406523 
0.03888270769777632 0.038601950210547235 0.41798761118998384 0.07175866517409317 0.08663929847519831 0.04075612741973242 0.08996609618814415 0.041629218675840594 0.09907809092724218 0.07470023404144176 
0.03516153423568496 0.01993034216597498 0.6997722372641458 0.04203723120862782 0.0400748261552407 0.027669068266970697 0.07378659205981444 0.018844912502833752 0.026434887605095853 0.016288368535610716 
0.08024863010699844 0.0374618021650772 0.49338131810575425 0.04534571659414431 0.0755620129990676 0.0979502689452288 0.06883732444433911 0.030515531132646767 0.0360224852862673 0.03467491022047641 
0.05877151325990281 0.04281741242018504 0.53819750479792 0.055204223485148474 0.07689779633054251 0.09831379562678426 0.043420766946526745 0.019472062046048455 0.02368550238726279 0.043219422699678905 
0.08661530023298401 0.05268252756014435 0.41669948342687013 0.07486756097358582 0.09469552115692838 0.0515566250237106 0.0891253264300308 0.029380547046294433 0.06908450720630248 0.035292600943148816 
0.09970787703867602 0.047440489110767564 0.34292756725389667 0.06428055921858167 0.0790050927936088 0.10370725633667391 0.12972602210852432 0.03524941058505358 0.0671958319819598 0.030759893572257644 
0.04237739708284694 0.05232204319915229 0.5443061607760137 0.03901667255728977 0.03338009454967232 0.07483648085590598 0.10751713638326263 0.02435280578426037 0.050891026692378334 0.03100018211921789 
0.034490146342564906 0.03783659462110707 0.4150185180411241 0.05322648317001873 0.0860809195605611 0.09007230540057365 0.10808842324203032 0.05309678266390444 0.07911142788171799 0.04297839907639785 
0.05816284867540428 0.03011778268650332 0.4059860685940828 0.07604208905694089 0.0743904945349378 0.14503148932899232 0.12385724209378633 0.048200426858809244 0.012934514003583635 0.025277044166959393 
0.06405171961137733 0.04108035769908803 0.5314847445627672 0.02526634423682589 0.10238033052427992 0.0761936446737585 0.1059697067638507 0.016277715042248515 0.01946263356001913 0.017832803325784533 
0.06199118610243386 0.0428169157684054 0.5049280738572569 0.06677661592107423 0.04811197116866035 0.10243136550484797 0.0706369062300873 0.036014234179616085 0.04003791933186852 0.026254811935749453 
0.09026794634388739 0.07425421695917084 0.13157698976931057 0.08243982955795887 0.0769061237153687 0.10348942789937218 0.3243582171336796 0.0336717413539584 0.05374946057921453 0.02928604668807888 
0.041584193852988206 0.09637757313866867 0.40273729072440845 0.07425622402479887 0.06449479505457305 0.08847956317804054 0.11500873328237722 0.01810392895842541 0.04636369305345352 0.052594004732266025 
0.03244016095809467 0.02507894531981203 0.5587993473840706 0.051138331480338736 0.06297186027197375 0.08886629028785188 0.11300465097278835 0.017711228635786037 0.02275484649003471 0.027234338199249496 
0.05745521878161076 0.05717944777053516 0.4003278274056406 0.07681221913572493 0.06750156357546588 0.09283334767670344 0.12561275686938003 0.04088539536578825 0.04233200916710513 0.03906021425204566 
0.06568735455067023 0.05434483263331688 0.45101917471133174 0.043389896333556464 0.07258128564157619 0.06867391847047699 0.07542620770942964 0.043702541308278046 0.06268667821500264 0.06248811042636121 
0.035451980444841824 0.06036592590811165 0.518014573898617 0.05516287306502195 0.05251001379687974 0.039222011969060104 0.10943071863900634 0.029086084506093072 0.07661280577222246 0.024143012000145823 
0.1201340049790871 0.04031668474584835 0.5979299851837788 0.04892078781596333 0.018534401791964063 0.04790638565020706 0.0995627841959348 0.0051979493140810054 0.017857619978684857 0.0036393963444508806 
0.04615097924937746 0.0625878461421784 0.1529829342899568 0.09079801761201083 0.13619855388549468 0.044391578573696834 0.2918811764774609 0.045341227283322225 0.09346024563739765 0.03620744084910423 
0.04803991988128067 0.06312942326900281 0.40446527005923355 0.0626703677074714 0.05858045666856978 0.07995849096526274 0.1285861962845533 0.03684247504691004 0.08369245224253805 0.03403494787517777 
0.027756939711176744 0.05590382432726533 0.4987849772922468 0.06763205560283177 0.07347433630371125 0.08724250349590745 0.08979510791133714 0.015099367856882128 0.07510363571899427 0.009207251779647029 
0.06021463863230637 0.04578665595965145 0.4508070576728858 0.06327676950921689 0.06058854208878784 0.10106118271499537 0.09208152869180068 0.0236517710663665 0.050429251497852226 0.052102602166136824 
0.08001377788467012 0.0667513048373482 0.3546074980429276 0.07414638579522081 0.08147784527485309 0.07356497318282919 0.14905018280772664 0.020230474795667735 0.05664869383791801 0.043508863540838806 
0.02368168084648562 0.012749603451607161 0.763576560376624 0.013552426141221449 0.022611051918897753 0.02500334277117892 0.09199742440573076 0.012931131686971659 0.021785411637134967 0.012111366764147665 
0.06885625886545291 0.020300451208340693 0.5704933496548996 0.04727696084313392 0.044818941216924424 0.06823563801959351 0.09298787196501325 0.014610298867109623 0.023764092671303576 0.04865613668822856 
0.04001094875726634 0.0445908613051423 0.5021736963561236 0.06817941256945122 0.05733353961622976 0.07038521500548524 0.06747763014868943 0.03162828600515484 0.06604840096235007 0.05217200927410694 
0.043246123000173144 0.05439605738311278 0.4029540318933876 0.0822206421465431 0.1143736631982812 0.06825705904025138 0.12838765998379617 0.039695335153949955 0.013278191663366681 0.053191236537138226 
0.030516133722895543 0.09753841291978962 0.41454964456286025 0.08579549289733843 0.11777614072421803 0.0557432471907692 0.06980636008325113 0.02561831163573877 0.07876834391382444 0.023887912349314627 
0.03534344195257404 0.059994836430072584 0.501759296839907 0.051386350798606706 0.047469828787903096 0.04608047084791084 0.08306220755506098 0.028337682849237 0.12110931051390934 0.02545657342481827 
0.06436666007295277 0.04777481125915873 0.45096414196841256 0.06694012005788187 0.08145647703142636 0.08538316360090724 0.10363457871735522 0.020119360228597782 0.04886031905344693 0.030500368009860467 
0.05514711021254566 0.04279555629964476 0.4920371371771053 0.05923433394028743 0.08102498095645463 0.05750398429933038 0.10680307332024143 0.023466613108978105 0.060089483147426695 0.021897727537985637 
0.05303630201068789 0.039361360038399205 0.527508342692065 0.060124540587195414 0.05529906003341361 0.06978299663020086 0.09754923027607128 0.01738552392594651 0.05573042442214051 0.02422221938387955 
0.06682240166593656 0.04157949178526273 0.3787750616746841 0.061949274969194223 0.12352521884442627 0.11776252464736296 0.0851142288847722 0.0372278363301798 0.06947635181882729 0.01776760937935411 
0.0325859982013846 0.044239627502601984 0.6102078594382011 0.05352813807214588 0.02806748555346209 0.04154875946470934 0.07614796270512908 0.024605066805005182 0.07132993958867226 0.017739162668688413 
0.0685043550559983 0.05600671858128823 0.3378396422882309 0.06649192317258545 0.11440875080020468 0.09771928845129671 0.05764169634573285 0.020057431563310007 0.15125169251500223 0.03007850122635055 
0.06402910550108641 0.0430536195224795 0.414895484638028 0.04669058797103451 0.0851080406448583 0.06937679037032203 0.07852071305210609 0.07244682502233078 0.09690909130963654 0.02896974196811763 
0.06776243246848818 0.015124931287295203 0.6012324548956773 0.050671028866397703 0.06581440240445431 0.06964116847326766 0.05437888090860635 0.01560848689680576 0.014411254967643054 0.04535495883136442 
0.05165033293187956 0.013150668377288753 0.5662843135933928 0.08821758382083594 0.08830865090391575 0.06732532047889056 0.03336685756509622 0.022109348130049365 0.029401812810616122 0.04018511138803471 
0.04528767855256122 0.047183261406495064 0.22030197644527488 0.09204719817816744 0.10737333804665117 0.29257066467255827 0.08178406986727023 0.04772813019638955 0.03516373398074975 0.03055994865388247 
0.07434736769919192 0.04835015409903241 0.499315252300454 0.04893789827229023 0.04952731213985653 0.04899550028185482 0.09995719907893469 0.03739368280973753 0.05292327459585663 0.040252358722791336 
0.058726981665708354 0.05591823752085619 0.38853019183331394 0.07027081328674856 0.07000343077453074 0.08520012261026455 0.160767704367496 0.031332824738445245 0.04810611681877779 0.03114357638385872 
0.050799969444890826 0.04550767419225268 0.48712422308444936 0.0888973376925723 0.04352551673089623 0.053035465000901505 0.07830572289942996 0.012941630043159938 0.11051010230677377 0.02935235860467354 
0.05305687520981107 0.06256878346541052 0.49461967151418756 0.09418082500870198 0.04666031042767858 0.06675398193353468 0.07819363766916258 0.01549831901696624 0.06008269149349808 0.028384904261048755 
0.05903057016004453 0.0475885187810151 0.42576345330612436 0.09190659158738759 0.07315300363143346 0.07685493627552437 0.10939682274058207 0.04364113912083967 0.03848966298333627 0.03417530141371264 
0.0612145258210856 0.035257058830841764 0.3384991857684264 0.06804227701634258 0.05238259535827082 0.11263791559002037 0.13332862704417794 0.015290998090756621 0.13660729124601798 0.046739525234059894 
0.05836825015092808 0.031138103656551945 0.5379689574327572 0.08636213333219457 0.033137748322921004 0.052644564604869916 0.09438540711237649 0.03933254211573472 0.02445635018057473 0.04220594309109126 
0.04616056691608837 0.046822044965617184 0.5785190089522316 0.028418951721500503 0.04480806907353029 0.07338839820454085 0.06400615664647587 0.02703031543149285 0.06971920569228647 0.021127282396235722 
0.07350160389557338 0.005817693134704466 0.6808378288167147 0.024053827745757664 0.04622450922124638 0.07541405793277349 0.06674329811187374 0.005417562462471133 0.0060315547524609076 0.01595806392642421 
0.07279302936484558 0.06367795602706962 0.34455983887066893 0.06984555618916509 0.08585994946851425 0.07576661117742378 0.13939619877729126 0.032116125869137896 0.07723420373659057 0.0387505305192931 
0.06643776462848774 0.04768318523663974 0.06494157796247126 0.08819066755009151 0.08881039875716631 0.06906917625073714 0.4033211382815428 0.051055853369960935 0.08989311066796668 0.03059712729493586 
0.06169614619712166 0.06209195636448415 0.10473094381309134 0.08610099872266387 0.07104916020325834 0.04751546829477679 0.4606749479765979 0.03540989013656115 0.03314571340001817 0.03758477489142664 
0.03746066279449555 0.06872876996010907 0.0935671658500392 0.3353913507183693 0.08455412545062092 0.018035292557401935 0.278857801755129 0.02657349678994007 0.018392312895510618 0.038439021228384544 
0.06607133649498367 0.05554230973479575 0.06481415215712096 0.34990763897664495 0.06688387238128278 0.09058111543144405 0.15459270744046263 0.035760667064873346 0.0546350562676938 0.06121114405069806 
0.037948980079238276 0.03668977683928243 0.06175025456369607 0.12077267293551938 0.07236062889080253 0.07950810239865606 0.49975824798998164 0.011132744480629241 0.0578290830873878 0.022249508734806606 
0.0510542712412881 0.06854274763976867 0.047837941066178405 0.1360187670364766 0.07149874558208096 0.04268385748955128 0.5015814704947423 0.02160510568652106 0.0244514140255827 0.034725679737810065 
0.055084379077123775 0.10874084163455891 0.029996029906624734 0.05517535549357082 0.07029275803613023 0.06976144035455244 0.568270449483127 0.010625700069635098 0.005139654650189073 0.026913391294487946 
0.05733579710097023 0.053762713825693476 0.3217497276891828 0.09904893315322445 0.05891014404346827 0.10966944078219888 0.14824144782420656 0.052073341690068324 0.06531869006367363 0.03388976382731333 
0.047800344214780494 0.06281015327076747 0.04645691917038865 0.0797350555837747 0.055499388003714095 0.05663406708220232 0.5274112699594135 0.018919590021695847 0.07883716816793626 0.025896044525326786 
0.04198513107635162 0.053149570639774206 0.07952017045913215 0.08713083257184748 0.1548142474355176 0.06122897430714111 0.4255199598420836 0.01813516803903411 0.03314719128906665 0.045368754340051665 
0.05660441447532102 0.059642628914041665 0.08842015574395151 0.07791526954690842 0.056356481190884 0.05938987534966613 0.5029604483180385 0.01864213561014496 0.06060786802843548 0.019460722822608308 
0.03480635884369092 0.059641538295577695 0.037160316570941515 0.08126204043693581 0.09383507252964944 0.050359331553751614 0.5257038596092451 0.01791743077616353 0.08567628131416039 0.013637770069883998 
0.030528179705824388 0.0514542627986665 0.03298814521650572 0.12160761702284864 0.08846490536509669 0.1405023642076521 0.4490924779885772 0.019506245474675405 0.04374547435103216 0.022110327869121257 
0.09178578400272284 0.047892218783923406 0.08791720834111141 0.07526991076480914 0.11813332311529331 0.029010781334247393 0.4215231313974846 0.0215262647840659 0.062337801816536434 0.044603575659805474 
0.03288941476533932 0.08239204242671254 0.048768978029977386 0.4056543955598967 0.06244939476503808 0.07235488531879522 0.22168977048402314 0.01831483064035299 0.017028477369163485 0.038457810640701286 
0.04953694499838185 0.029884779045870422 0.026623802796445294 0.09807663441172604 0.07733210916732282 0.21094257827681712 0.4528838096376431 0.022050492190335565 0.012907140442929507 0.019761709032528246 
0.028885232813770055 0.05048544248815096 0.036909619792590206 0.057988764039185604 0.07089337747157336 0.06952177117067485 0.5145873275167795 0.07181222497685748 0.07974806312973817 0.019168176600679914 
0.0248423983506868 0.04286724898592968 0.027298266784523774 0.07850332947791262 0.03857972769850291 0.06627907569555795 0.5169013068896355 0.14241275974032563 0.04395455230072372 0.018361334076201392 
0.04266880460504031 0.029874086990739943 0.06894300140789318 0.13126491963816 0.085258502112055 0.060955043283956505 0.4383988048473087 0.05068196690958845 0.05687377507827204 0.035081095126986026 
0.130869266912186 0.028653769884961613 0.012522152985231523 0.16515584227971092 0.08022632233159796 0.06244878417387408 0.4454840217713127 0.011427339268684616 0.03822880163898705 0.0249836987534535 
0.04249475314536771 0.06046928629340013 0.018555172485505922 0.06519023534970182 0.07359998739626758 0.04630043882569257 0.5587225711701531 0.02092733933686449 0.08017593755216294 0.03356427844488388 
0.05568233347677748 0.08762256065379809 0.05266310104767754 0.1416073889296375 0.10837746300698958 0.15413252625267665 0.33486652347907075 0.01931371124657155 0.02859623878200414 0.017138153124796895 
0.09663811800857913 0.055402255204165224 0.0912272470120542 0.1853254586549489 0.05777913501377304 0.03841961461738578 0.3886517331802332 0.015035537492884743 0.0184199299584178 0.053100970857557966 
0.041084374611349395 0.04085008542706728 0.08886757971767349 0.05495013147665013 0.0886116604133253 0.04763966784764754 0.5585917244633786 0.019620095845845658 0.034516329830168314 0.02526835036689439 
0.07005610113940915 0.044752161509540825 0.06263722951716369 0.3385227279357863 0.08672629811647559 0.08984044433464018 0.16837789669082598 0.024716870085629387 0.0532214179848685 0.06114885268566016 
0.05414805859701644 0.05391328923441683 0.10483778828687271 0.10222855699377828 0.04766711924827642 0.04265685419304134 0.5090355953271302 0.026482452341901788 0.04304351438513706 0.015986771392429062 
0.01864411113353491 0.021594535126603708 0.10826509367346125 0.20424339120268217 0.1771737835236573 0.1224093894462217 0.21803896216014804 0.06583921967862423 0.047967749957721795 0.01582376409734474 
0.03576078453692831 0.04385142368847877 0.11033893347576923 0.060928294874868325 0.15144043283893735 0.07959576203340545 0.422569902535452 0.01962487335145195 0.03054885751180812 0.04534073515290054 
0.02910779094256386 0.03442995246233303 0.013222240794970185 0.0813337262924559 0.027752264631508972 0.14083548317783973 0.5409932480545495 0.011310019484036071 0.06348707584129568 0.05752819831844695 
0.029650563268485832 0.05754906607907564 0.06823084868399784 0.10392878178187955 0.11082818874952481 0.038624634087733145 0.49557495194666173 0.015803515243017808 0.045977015153042616 0.03383243500658086 
0.03746633832263066 0.054144570077566935 0.05771957994914435 0.07109314259768866 0.0866507850266357 0.08133432817200249 0.44115103666988037 0.03161385711290357 0.09900709731944585 0.03981926475210141 
0.04171781566054593 0.045249891144354376 0.06513160968954587 0.13077334688727127 0.08935631033435401 0.060277773116240455 0.4359031248668688 0.03237140875404217 0.057303044903136195 0.041915674643640925 
0.03565444463747545 0.04867080495380346 0.04298422187359109 0.08443198013323738 0.08051421791643856 0.12167957646986521 0.41444258041684234 0.025013590903740304 0.08721437009241505 0.05939421260259124 
0.02414208012084992 0.043115346509566325 0.02438395707311716 0.06389220594296603 0.08835342510619675 0.03684783667192934 0.4938591525282858 0.014853827954305626 0.17334340028624595 0.037208767806537084 
0.032712732999018286 0.031727852245658286 0.08579832050153043 0.08904316334942591 0.08736321859195796 0.07952198808463891 0.47694893975377634 0.018194470387660342 0.05858059777081174 0.04010871631552192 
0.06898440108270036 0.04875681390530336 0.05693560478449673 0.06466321761995028 0.059710595764950344 0.0725227995473627 0.5018250001695562 0.025799429739006792 0.0529744620881078 0.04782767529856547 
0.05405440079787421 0.08613019464574181 0.033416138060975445 0.0544643421350617 0.04781940350513243 0.03859676053509886 0.5613403247172245 0.02750644462896677 0.0584391332248101 0.03823285774911428 
0.04447647303811297 0.07083347927784428 0.0883537294053655 0.10164673773017573 0.27611235253001554 0.1007250273730512 0.20019605680099495 0.01917551532018362 0.058119106760909124 0.04036152176334699 
0.040879978761245696 0.041021296587277926 0.11033876123296338 0.06672992429110866 0.07071741707635573 0.12482625430077388 0.40004232654627303 0.0350809865135848 0.07315950858285188 0.03720354610756506 
0.039349069370757536 0.039169190183744824 0.04590324921431917 0.11693314339844653 0.11693629810991552 0.05170751352830485 0.4853002510080915 0.028801599375566207 0.04553394312784242 0.030365742683011624 
0.0381141459758027 0.04721816616938398 0.037730127308468094 0.08366789354517297 0.07396192931180393 0.07350305443621304 0.522106619250603 0.03452443867455412 0.04380986777377038 0.045363757554227786 
0.045722687351972595 0.023321884349612323 0.040010394627257195 0.134605006639088 0.10382548870488383 0.05650590645952835 0.5014962371774683 0.04126573387104628 0.029244557473427506 0.02400210334571568 
0.046801739281287905 0.05593303722642876 0.042229729658946336 0.06645389617087764 0.11169182479320167 0.060115235601269384 0.5093844337713972 0.037217894665967005 0.048461180053731436 0.021711028776892596 
0.10435867017015156 0.09989281112687523 0.055006457114700036 0.047137254214834896 0.05067224758576173 0.0970267781835925 0.4401922618091473 0.03088666404637369 0.03869419858227277 0.036132657166290424 
0.033522046860173 0.03492534692377251 0.08849955864817075 0.1347773821849541 0.07438337717912692 0.06415730721178729 0.44801500539025657 0.03456246693242834 0.05690694771831199 0.030250560951018315 
0.04072011717950843 0.016960333771184322 0.03630210527767337 0.14398451594408695 0.08640665253148991 0.0418975011531546 0.5432747936308024 0.03508674348687422 0.03980355808090412 0.015563678944321542 
0.024284115210933134 0.04574572340484548 0.04072782028008647 0.10498128056073369 0.10239033641628162 0.06088699205319991 0.5058076012459273 0.02282918436288991 0.06261777782989376 0.02972916863520877 
0.09081053058786501 0.06461565509220267 0.06097729612451388 0.09229402126816742 0.07146037363824774 0.10259606218957018 0.44837885773285857 0.010605444544413582 0.028680644806701808 0.029581114015459063 
0.03536084139956346 0.035159531483631594 0.056389283116593046 0.07760809646104208 0.08829769284694272 0.04981112789500595 0.5595746564593593 0.02615611416462205 0.04382190771051297 0.027820748462726603 
0.04054347367483057 0.03023755278906635 0.03474560670242248 0.07510457365505427 0.07611836936237529 0.06849372586734126 0.5221924854295499 0.04328634642850758 0.05702212392428241 0.052255742166569905 
0.10389817506855632 0.05400928200531319 0.06995327395465618 0.07241022462620961 0.036722033039853455 0.0600455459694896 0.5035272465089929 0.03275657579400407 0.04063599004452815 0.02604165298839659 
0.06661377890854309 0.08456351814782587 0.0829111517099875 0.10484259513936468 0.08672583324724724 0.0638454981918483 0.34750911244743005 0.02579027691363109 0.05409125660929254 0.08310697868482965 
0.028668988274738644 0.0415055208385399 0.08508211282105031 0.06285155637320307 0.05561510968160504 0.07693360751832284 0.4919498994371446 0.04732469956008262 0.07332244516703243 0.03674606032828055 
0.03836586739025359 0.016572597739177995 0.07802998003567671 0.0846815702519305 0.05145859044089409 0.1065504093072887 0.5199898600648538 0.03988156336314488 0.027870010015897072 0.036599551390882536 
0.05036207648524393 0.06727484010786201 0.04734915663530385 0.10179160860091888 0.12074568990646724 0.08853717454211048 0.3885171802206113 0.04596155994112112 0.055904602295897145 0.03355611126446398 
0.06423726181801041 0.09046583589914306 0.04413820466094143 0.06127296835069532 0.07172833659440715 0.06589794611686287 0.49598048058105565 0.03605467935657265 0.04401511813986661 0.026209168482444836 
0.05307501679051924 0.03028882515405592 0.06164956485761674 0.10889573793465361 0.07717070713371027 0.0811680731178981 0.4852315774795325 0.019957834926831192 0.054143165259843126 0.02841949734533929 
0.023503044546719407 0.028981823495155854 0.05189481634390972 0.09073285547214972 0.14080147880200636 0.15623587893051488 0.3967527843678737 0.036789179336446785 0.046463120718510074 0.02784501798671352 
0.01892145192724135 0.06787892286627896 0.0690598455515638 0.08152139994706507 0.12152086510061928 0.1225074108223121 0.4270201189804971 0.015622694995262705 0.047985295313933696 0.027961994495225892 
0.02696082177180353 0.11125974399211747 0.032769806560438985 0.05744490470273644 0.04138533447653642 0.047312869524092915 0.559618173905142 0.03534778285671739 0.0645281900469141 0.023372372163500656 
0.025259004624693694 0.07013420193312915 0.02968070266085626 0.10715978501942508 0.042047337532800926 0.051555684916082645 0.5583141586269792 0.030120276560610785 0.0442585823590469 0.04147026576637542 
0.03230698283356798 0.06528402109228874 0.044504714347005606 0.04133383568922773 0.04268110918167184 0.04595585104740589 0.5621552776255568 0.05058959821201184 0.08629281678907358 0.028895793182190026 
0.03899083267070802 0.04351216750217266 0.04872506323873083 0.08088965300011149 0.13646211731919564 0.056732798084204755 0.5158972086514053 0.019479321848048528 0.0335011394385118 0.025809698246910946 
0.050252096996158194 0.037170000164005984 0.0540838097942111 0.12269204589851813 0.13362289502523358 0.06484414579660307 0.38682643593230975 0.014746348266931946 0.08650417597650285 0.04925804614952532 
0.03990074193035318 0.039711278679895136 0.06412190169798333 0.10898311744409804 0.08750344017431529 0.0990987735808044 0.4458832682019947 0.020809921632807968 0.0471996377879102 0.04678791886983787 
0.05241400409866005 0.08430428821165357 0.04792455895837143 0.07927856303363309 0.08020416107492953 0.06497151128905901 0.1811583382131135 0.025263730623789515 0.03201007474071063 0.35247076975607966 
0.06594281433032284 0.04266691743888794 0.046005935603571746 0.06399104419995773 0.10538551684548607 0.04720133591903669 0.5070510638120055 0.03972161780141855 0.041067475496095955 0.04096627855321694 
0.02939435153853579 0.033233063844889554 0.08553096792781902 0.11474796547879568 0.09096691849719546 0.06571452688083397 0.4748930084181615 0.03353980004502876 0.0511662730636958 0.02081312430504458 
0.03483301252920874 0.0669509045180476 0.06017636116914243 0.23821504221390732 0.1215570024523296 0.19588280747232018 0.21774280874337765 0.01773360883286682 0.027492580559330272 0.019415871509469405 
0.1254685665115128 0.05676941134776054 0.06377037770686683 0.08205600786459186 0.062300762843010546 0.12285244837200136 0.36857385282529626 0.028771442810764634 0.0627787134915446 0.026658416226650508 
0.0688998820284091 0.023824817996898905 0.19063633158022958 0.06456633451909306 0.3002404751800682 0.083980516431522 0.18764312423440874 0.019230263870789636 0.024700631485440425 0.03627762267314036 
0.046211530406679115 0.06290497975056801 0.07550181625017918 0.058067045164679504 0.058280729133877225 0.062171681355751546 0.4993952308076186 0.07330609091554252 0.04315701370279805 0.021003882512306414 
0.24303340934831588 0.05531112651472826 0.13651918537749982 0.067234106513866 0.07161680797448802 0.10872302398404507 0.21422396466801347 0.03416144958573983 0.039088053863353484 0.030088872169950168 
0.11327805119719835 0.06393819901610369 0.04904230876710975 0.19484164509247803 0.10691382999411914 0.06533542664192625 0.24182717273651735 0.034069459207560965 0.0648874765217464 0.06586643082524012 
0.07604539761490556 0.03248701071814874 0.05928857227492576 0.07956243267270093 0.10167215459843693 0.05112440004199191 0.487426376447688 0.05700302216546684 0.03595917029788525 0.019431463167850074 
0.0357046157553526 0.0796006549104747 0.08520001905914106 0.08008171199785939 0.3002054399694662 0.05608859277456896 0.24042208626267672 0.0142820123165681 0.08871104343663898 0.019703823517253187 
0.049977428745618134 0.0423678231585809 0.08831854076735089 0.10982823655119878 0.3147275974408596 0.06392161421985931 0.26089106835142045 0.014657543534543805 0.03924768666115638 0.01606246056941172 
0.013076573914407676 0.043322083582787996 0.019742252264448076 0.15789345239629565 0.05314836463424268 0.08250520056885423 0.4914799541211964 0.020154345165002183 0.10487451374303544 0.013803259609729678 
0.06582822865912127 0.031662280746955304 0.08257939073306436 0.12907882256776546 0.10859515066446834 0.07424502122935753 0.42636946807753284 0.03269778653909249 0.023247606546132144 0.025696244236510252 
0.027782927213416186 0.025176574953021686 0.06325921533371269 0.06218400042986514 0.1069026958918553 0.08197404360381283 0.4356802077575243 0.03436130600846458 0.07354373653117913 0.0891352922771479 
0.06199933742091583 0.07137563568287546 0.03857792242273767 0.10525479610246267 0.07452959636656757 0.09581663744907527 0.4099354191041088 0.01921424685441542 0.07045862656483406 0.05283778203200733 
0.03647849664219868 0.041097082348301506 0.05219774457418334 0.09567461673974273 0.138192558806007 0.039190928881399904 0.4855559866951944 0.036417136766255034 0.035856167839946634 0.03933928070677075 
0.1058648145876927 0.01845362088849841 0.01943898981474327 0.18480275513764824 0.05155481123884479 0.027718019100718482 0.47159437556809053 0.05715144372789837 0.04115040897951407 0.022270760956351096 
0.041218145672817084 0.06953474575311068 0.07121625990376541 0.05396764911022522 0.049887387003813954 0.028391182376041057 0.09884269089014125 0.036704245590782336 0.4740086570500044 0.07622903664929874 
0.04460165435434054 0.28294899059599377 0.10394326297171218 0.048276386641553745 0.06154184316022098 0.12180586790450132 0.16303239373277034 0.03329549099568346 0.0890638987246945 0.05149021091852914 
0.037775784700863624 0.10894763792708238 0.06999424071805954 0.04995548456781733 0.061465648078004205 0.06758653099130559 0.08665490284762807 0.03815280917111965 0.45098664918320175 0.028480311814917895 
0.026982553105431233 0.08881210380085788 0.07802413067990727 0.06360468651101575 0.053332606767070904 0.07490850638270076 0.11555371402863068 0.0764363168677943 0.39141155378493253 0.030933828071658575 
0.039622978035851034 0.09407338391514884 0.06355459638789411 0.05179985600472103 0.062392165999041016 0.02548380265447074 0.08566485837947181 0.02541993266794664 0.5185543913422599 0.03343403461319504 
0.040873195010943976 0.08003635910594495 0.06229841097380894 0.04385246640961881 0.07249349025664169 0.09090761021977134 0.08938267798249205 0.03799224246537283 0.44554228354751363 0.03662126402789169 
0.033069949440498736 0.33601191367979333 0.10597380055434233 0.0970089420309313 0.05996816218799579 0.05386299609290122 0.1055406236984293 0.02785912818706582 0.1392983751540855 0.04140610897395665 
0.03349352834507954 0.08083467442400272 0.07109810082352207 0.06506536671107457 0.10547914243824436 0.07351287367948371 0.09761156673330082 0.03151717418579062 0.4012449358350259 0.04014263682447566 
0.0496439529663291 0.05248590855321912 0.04444316860709289 0.026848912170244116 0.09426396583286911 0.11163673235967084 0.1108887546948423 0.017043068132316416 0.47278201054187985 0.019963526141536268 
0.02223360418427462 0.056829754303765564 0.05022134666600355 0.03452032404983763 0.05215622552100867 0.06577070117232207 0.15684139262448624 0.026367001288060486 0.503303210084974 0.031756440105267215 
0.07337968267546296 0.07279470061564021 0.055314599443379804 0.04239002294520849 0.06814271608777683 0.05172506900939104 0.09964449717624224 0.02851369661936792 0.4617141917850788 0.04638082364245159 
0.0383279304577379 0.05466968175988723 0.046542108026107275 0.0640529249919661 0.06337074469538428 0.09120464132976329 0.1403306955325083 0.022138614589682033 0.4306474449837718 0.04871521363319175 
0.04536948480681787 0.06459653925560728 0.05753270647983124 0.06760241134616299 0.07740021528736829 0.06817188415296953 0.08576234493301106 0.0397692025461276 0.45271261796087536 0.04108259323122882 
0.030319308691832313 0.43873089178030833 0.043318007395039375 0.11017902841495213 0.04884364134393882 0.04854493004710584 0.08877098696398933 0.03302923584631729 0.12056942231569043 0.03769454720082608 
0.05409940101635595 0.10528840901574267 0.07261746430134904 0.037421537964479834 0.06653257969622776 0.04725426687220537 0.11349841719249422 0.030412121690796122 0.4380637266649795 0.03481207558536957 
0.059340885476127876 0.05950318602320459 0.09869819673533531 0.03498531770470144 0.06634315475399882 0.05569105980229654 0.1742153051260602 0.03512877241770766 0.3829924642604295 0.03310165770013804 
0.038963471456556514 0.05134734120244532 0.06633735098546772 0.048153702486587784 0.06980884000351599 0.06838615270925552 0.12711472236989105 0.034113117173960955 0.47187047477178184 0.02390482684053731 
0.0699957919744904 0.06137946478616309 0.05982295060530421 0.04044191711963116 0.05301799171721989 0.04204261739009506 0.11720157622827171 0.03127941222292193 0.4641169179528952 0.06070136000300734 
0.06956066935424568 0.07352919504237773 0.08489848023635622 0.04534616854918134 0.03698235209389481 0.08405945508853159 0.08772440911075308 0.03551019069933045 0.44638314342345303 0.03600593640187605 
0.05657051974119506 0.309093334205587 0.049792306682326565 0.039356306430153865 0.05374147629063683 0.06974479416114818 0.17804135372993432 0.04428728366696993 0.17745694466567538 0.02191568042637282 
0.04114712005756343 0.06961695971315458 0.05633541503013566 0.06923752177808351 0.06309241257730462 0.040316301397263124 0.06926801992341429 0.02481059228699494 0.53918126438364 0.026994392852445915 
0.06983806447966753 0.05172038414394381 0.09945961472108264 0.0957667416474645 0.05526498630975052 0.07034359682322898 0.13489108647645123 0.04104355818110865 0.3486825315740191 0.03298943564328314 
0.057079181239665815 0.08163570592044912 0.05649151573219143 0.05508415041801904 0.07062338161441882 0.048926224765980124 0.07423028653573778 0.03574817017524323 0.45630388685899387 0.06387749673930089 
0.032262108524537786 0.0593544258727818 0.05453475250851055 0.05503261017603602 0.06853325816010135 0.054572842886597084 0.09517745894420174 0.041125843390512194 0.5134712505040722 0.0259354490326493 
0.04957332389093628 0.06485134386669986 0.06535501374240307 0.06651267312356232 0.05019457251361381 0.06850505048648772 0.1564583847351502 0.04293525816024247 0.4040265847835014 0.031587794697402694 
0.03254637729234253 0.0325525219761723 0.0657618657628929 0.06261770093288052 0.22560496703111288 0.0446107823341878 0.11556843452964868 0.03727805507233543 0.3670728614136245 0.01638643365480238 
0.01493804331679514 0.0593222510578634 0.09158242082847924 0.04895158488979657 0.057124311722528284 0.04951746545486226 0.14116585671628554 0.015087648615164782 0.4970754863450866 0.02523493105313829 
0.09068653869338618 0.05815869085938093 0.08333034116110491 0.0522410045771363 0.041139237684165025 0.06627787343835372 0.07003187013728174 0.056145137928532714 0.4330116802710502 0.04897762524960828 
0.058119067659720865 0.0934602822675939 0.06861303685508212 0.06624341928211173 0.05879591423889403 0.048566526257724875 0.10090353660451024 0.02619088598586085 0.45508077460749785 0.024026556241003555 
0.05787620724141671 0.062226293399968755 0.05279800450190247 0.10143212825241993 0.06817217370384776 0.03130938102263006 0.11073060300737723 0.03206679565246722 0.42268936324560935 0.06069904997236052 
0.05606921992158039 0.06516002970074132 0.0734689818282494 0.0445029537474769 0.06926076197247365 0.05601543605049168 0.08495552988935635 0.023874180044721787 0.4859476179889295 0.04074528885597908 
0.016730542393362212 0.049562159373221226 0.06298851212233572 0.027863297728209134 0.080100762459567 0.053021668400751974 0.1465553560770568 0.017562955714811784 0.4985387436299824 0.04707600210070166 
0.02387548578306918 0.06560364640243353 0.03294671163480873 0.030582637909873468 0.03365529784284439 0.019517332447106 0.05989639558796608 0.015230233546960254 0.7009955285395164 0.017696730305422192 
0.019984833559620205 0.06333749939959367 0.07540849513998019 0.0667982562480901 0.10405440076760482 0.031781125524663334 0.08755551478406753 0.04602645086080276 0.473659562004408 0.03139386171116935 
0.03035489925842889 0.06984007803236575 0.06533680126186725 0.036157977753037335 0.05512290849039781 0.0636729560167893 0.41061700932933914 0.02919834219219948 0.2101541991600395 0.029544828505535806 
0.060042997265706596 0.26443207499184723 0.07881333479184746 0.05005611673962188 0.11726633858788167 0.0652622233606176 0.09343884375125894 0.04830104179799047 0.17909639431678046 0.04329063439644773 
0.028167888978197487 0.050273727776357746 0.053201622030677576 0.3190635294574896 0.11505856645530013 0.12769479957841637 0.1360013744668749 0.05220381265743241 0.09349868731478324 0.024835991284470525 
0.030986571564368418 0.046973226022791 0.13759517570859922 0.045568276474229896 0.052518924609700195 0.027000000623201455 0.14591860456553232 0.02391085366737736 0.46745256144616093 0.022075805318039286 
0.047060201813773975 0.08927767735028941 0.041607315751325286 0.06220052820238755 0.04250216590880278 0.06634677144959233 0.09805219383874827 0.3702303421582164 0.14991932215986448 0.032803481366999565 
0.06595791365973291 0.05935207883949785 0.09890999197633586 0.05192374903877485 0.08314562123158015 0.06067497847319285 0.08448103369145596 0.02591552370633973 0.42932315250323827 0.04031595687985153 
0.01708458930781661 0.0694248006682751 0.12557608315973134 0.02103165057589895 0.09222350181588156 0.02521129914244082 0.07183732099317702 0.0237197036567773 0.5358561565714488 0.018034894108552354 
0.0668835188643465 0.05184019663112315 0.06533207302041807 0.07761538219761242 0.07029109558398024 0.06486605782170708 0.40190247158241926 0.03736002410658869 0.12905307018015352 0.03485611001165127 
0.057770680339641806 0.04633370319452995 0.11605433410190584 0.0965361149796867 0.044772017164511506 0.04997784393902643 0.07515447806766898 0.046910455718116646 0.43522140470156845 0.03126896779334393 
0.027144019044795634 0.07251565558329079 0.02950358264802991 0.047799382308586165 0.05615772691225735 0.08912381642447087 0.22647894628014048 0.0254959437603874 0.3984548884203747 0.027326038617666724 
0.020011918889544768 0.284552748904586 0.07375980243319409 0.11751264624017417 0.06448608039139872 0.08099442561741597 0.12404119301135551 0.0203384490476593 0.19262135795857305 0.021681377506098342 
0.04214550201599274 0.06549534719168186 0.05051905691981721 0.04459206633834982 0.03294205053965727 0.06658860652430865 0.06706596669974521 0.052323727064442854 0.5415054561298192 0.03682222057618525 
0.05182602856080761 0.12649494233950884 0.13073507090924472 0.2181968327690933 0.08963917708240404 0.10821772949805183 0.13971115542326837 0.01945439883433376 0.10212639693998138 0.013598267643306277 
0.030997156063597105 0.0884904171368425 0.05487338065057377 0.0993586034595843 0.4450575535756142 0.06965800670411587 0.07985752403954817 0.053166687988111916 0.04671369560564065 0.031826974776371454 
0.04397870298943913 0.0704108686502364 0.04895225964110717 0.0929525085378511 0.4258731237734293 0.0995834475675866 0.1092261903478562 0.03417593931935349 0.035634730967884005 0.03921222820525669 
0.03617579269092784 0.03653305718711955 0.07828190803404207 0.09864343508624097 0.38662430966622263 0.08238425766260037 0.12272313827853029 0.034617125675391366 0.06546902514459604 0.0585479505743289 
0.04380297105632613 0.06641853207875045 0.0937103922633512 0.05220228427943787 0.4391574672885808 0.07022858953638805 0.11177403211844522 0.026346656995163358 0.042681740706828425 0.05367733367672848 
0.016248391145293237 0.04074477739503843 0.025666697536051494 0.03736778513944932 0.6393546031800138 0.04021478647994854 0.134139705857756 0.011598731570115067 0.0272650828299717 0.0273994388663625 
