0.05345083756569439 0.08483858632428921 0.06018798169446039 0.07152824178434158 0.4764674655590739 0.023716796925750044 0.09041491090797674 0.05485073727647869 0.0522242354395041 0.0323202065224311 
0.07352518107937707 0.100607128461826 0.07543965823995005 0.08013754137887784 0.3922593535769564 0.0157626973587625 0.11550799024967948 0.06710097964517248 0.05140587870317149 0.028253591306226667 
0.06151972893177157 0.07199099755041656 0.04446952925236462 0.04558633957407485 0.5195374104913645 0.01831274869899203 0.07130429837233418 0.07063460742510488 0.05733812589500594 0.03930621380857098 
0.05968267544706825 0.08920118230647094 0.07518727341761502 0.06883486939804229 0.473092148856693 0.012930676663293785 0.09772333464601936 0.03653723045403761 0.07001543209267318 0.01679517671808663 
0.05264190008967155 0.09197196879745577 0.0932390333250507 0.05506667322245331 0.41375094196987927 0.022539878656394022 0.10462678237559381 0.05705650763397807 0.07961130357699299 0.02949501035253061 
0.07267183234653196 0.04279076324766168 0.05495848806841726 0.04816222693454496 0.6035406267121673 0.006638841948817179 0.09119247800914579 0.039360261543290156 0.03132556752185306 0.009358913667570563 
0.06277553007942524 0.05000329010509457 0.4283435009312114 0.05128531330527096 0.13115172903603303 0.019630874073053587 0.09836762349825373 0.07999847136943498 0.05841830395847499 0.020025363643747535 
0.06629687487366993 0.05829638586165161 0.03380036023908459 0.05969860218788326 0.6053012595987947 0.010633415398234727 0.043321173363818584 0.05693958139397772 0.04950098480985682 0.016211362273027993 
0.11340342721955979 0.07499775095807151 0.023812711660442513 0.06034331430285622 0.437628899954578 0.005209956699935148 0.08273936972428268 0.06359678241370978 0.10931921890374399 0.02894856816282034 
0.32712079801649163 0.08011671344511279 0.02972131471421741 0.08095291088655934 0.18932800068170436 0.01660170066906298 0.08750400920655607 0.0705379767994603 0.0866345054694407 0.0314820701113945 
0.09121208203447026 0.07005979726674509 0.0819843419155701 0.0767534936788998 0.3803983826184464 0.01147775196937679 0.11501602721592463 0.09503041297871644 0.043855133369877196 0.03421257695197339 
0.0645218733095669 0.07281233629537191 0.03553157730565687 0.07980891970420133 0.4788831177560208 0.007259156205927525 0.08214535676438715 0.07441419949132051 0.06080050211425438 0.043822961053292704 
0.0704565386595483 0.06731979449975824 0.11326673674409522 0.06103596919412993 0.470959319563857 0.029162041278575794 0.05360207020259636 0.04807610694752155 0.045555022403689534 0.04056640050622795 
0.060836686439282896 0.025608585793417033 0.10187271770777742 0.03131250369120942 0.5958299795327268 0.0133877182173237 0.05113378215581078 0.07352256571982745 0.03498260743623215 0.011512853306392488 
0.04020497163324917 0.049591772720485296 0.10144891545747013 0.04945588259669519 0.4226366086926827 0.06879597793760943 0.09046406109713158 0.08426394214646249 0.07624237039190272 0.016895497326311234 
0.027758597623532607 0.04035005570450741 0.026758740071551015 0.026686183057454373 0.7031083515713519 0.013607907855272456 0.07297894860475741 0.039537394892839146 0.03335181722314168 0.01586200339559193 
0.10432269433331859 0.04815017230929753 0.036791391720934284 0.06043299435134524 0.4910609629856473 0.010207136935053715 0.07352053906937116 0.06655724046866716 0.08287332714761103 0.026083540678754128 
0.11095307017424612 0.07545276411076 0.02466866021533021 0.06002010050596394 0.5374754511366087 0.01092473796945056 0.0454492530180089 0.06220701919280383 0.051188104071469814 0.02166083960535812 
0.05676226027148986 0.07496085503890854 0.06518103474743837 0.07566331441508535 0.41811414242171946 0.017719662707918367 0.08294456317534812 0.0888955267768407 0.08961507142744132 0.03014356901780992 
0.11753538920164223 0.07435805307622984 0.06592098692555541 0.06409981272583429 0.33588033395452 0.021713802697827446 0.11826676961852378 0.07794031773171105 0.09915654205910825 0.025127992009047636 
0.07687306184957307 0.05147345455274253 0.05046015605238681 0.05869222787280252 0.5475593658404463 0.0045113250459889185 0.09901233879512257 0.03184517290632103 0.047334171059357874 0.03223872602525842 
0.09393161820722565 0.08577389343637501 0.07820582103915659 0.04983547034083988 0.4090056219510925 0.031030552338601542 0.09630551501875756 0.07825665605647471 0.05283668972332143 0.024818161888155166 
0.13064524150277187 0.10527484359837389 0.013126072345676455 0.048009798549621466 0.4088532768201095 0.025161559264212558 0.12999179098991212 0.07056475892532235 0.04191361757220273 0.0264590404317971 
0.09607761796467383 0.06345977015352564 0.01969682349188383 0.052795804178870386 0.512392695380728 0.014825878153352998 0.09440869729878534 0.10131713238793925 0.030128078835827913 0.014897502154412904 
0.10835250684220357 0.07227720114118076 0.03416397362741655 0.0546369641808837 0.5018937678482077 0.0091387668104549 0.059826070404726 0.04736651867031763 0.0757489721001215 0.036595258374487724 
0.10309289779417848 0.09283805610025139 0.06234976417232287 0.07916428326013894 0.1329228106228242 0.013778247023232087 0.32191055052989953 0.06707515792398917 0.10410206323253678 0.02276616934062661 
0.09149345629034934 0.07508793833102521 0.05252690897469276 0.08855679865884669 0.4091389422251391 0.011859785449864312 0.10767624089993028 0.05978992554646981 0.08303773990183144 0.02083226372185103 
0.08632370942314575 0.05653461770942161 0.02666311189179106 0.04726486587273238 0.563203842094672 0.014081224405617175 0.10258519469679911 0.05912703066582216 0.031298938967666175 0.012917464272332662 
0.0949619479497943 0.08329143919662477 0.046002209426757694 0.07725157000775311 0.39983683890176447 0.01035628454073928 0.11835540942770334 0.05643402542169191 0.08741766735074687 0.026092607776424415 
0.0788536051245499 0.05368121648465963 0.06300385066224709 0.06682406425395233 0.4422777116107418 0.04441138267474296 0.07976389075509793 0.06815853332732424 0.07567674627843118 0.027348998828252796 
0.04101088346977863 0.06373813062199553 0.0783257887234654 0.07662993598141764 0.5216504761389654 0.02215712534195732 0.08708603997717272 0.04840230452324657 0.041550734381465164 0.01944858084053561 
0.05310918123207137 0.04995932009978656 0.018021532430749738 0.04124152905145542 0.5992332776757058 0.0030035431161746827 0.09836732431053408 0.01823560353782315 0.11175662462749185 0.00707206391820719 
0.04291512802745356 0.11712570056887336 0.09160958016118129 0.08640519368342957 0.15582903978058327 0.013470539544831728 0.31140858681347827 0.12000696552435039 0.04813255483399249 0.013096711061826093 
0.08844293331515764 0.07142795257848528 0.07848305618680917 0.08147160527286944 0.4116773496778907 0.019894678432987877 0.10119578937349565 0.05387945095616752 0.061244031096360486 0.03228315310977609 
0.08880738688603253 0.07736323103072275 0.04385604203977982 0.07294059253910919 0.49598435354997833 0.0077476451838824 0.08120410934536992 0.0693010462275614 0.024459527215049338 0.03833606598251432 
0.09044293185022362 0.08231772751498048 0.04995336680093411 0.07207434452563921 0.45383560227533876 0.016422830891177426 0.09398731915448896 0.05422425620839908 0.06750512474969571 0.019236496029122647 
0.07245463393147526 0.08590983211972422 0.0778424274827552 0.07081108465449777 0.35357915588440125 0.01451647425221354 0.13035930875439647 0.07550683492283324 0.09603588760553862 0.02298436039216444 
0.025049957332461237 0.014066590011950028 0.022098026353420622 0.013209899647815063 0.7665042441094133 0.010106456297462879 0.0920767828460059 0.02236052062152973 0.02437224206688071 0.01015528071306066 
0.06659090785066042 0.053884518985356816 0.01939299568797524 0.03835172970140401 0.5791420055714482 0.007614697774733876 0.0901985657916994 0.04438474748916204 0.06850358312732725 0.03193624802023269 
0.06444836589124674 0.07088940156410647 0.06693674138351859 0.05244714412488466 0.5081196765629626 0.025447642895786004 0.06259866378996229 0.05717580531511625 0.049460311187096075 0.04247624728532033 
0.059766386959540306 0.1381111848185914 0.02727132192184677 0.07007886495850993 0.4026076780699613 0.011767376238505035 0.12110463006372706 0.10670105855704418 0.04437266689508019 0.018218831517193806 
0.05658636988344889 0.10142784956623195 0.08347132194960397 0.09567937247162431 0.39326037967914584 0.013668814222661571 0.11891400107802658 0.06324878306710173 0.05555691364266544 0.01818619443948961 
0.04751528983627287 0.06335869045640043 0.12754260709521484 0.06333903031563151 0.5033306588396558 0.015156592591691049 0.06798881466758655 0.03492596208623015 0.03963035856899723 0.03721199554231957 
0.08327362948208157 0.088160270405802 0.05149313914911784 0.0646745935283922 0.45415337660729754 0.027971574466975815 0.09671579299650179 0.07158375531919642 0.04917799667652426 0.012795871368110376 
0.06685691441748426 0.06909871428347207 0.059379406798540674 0.040475641843527484 0.49411092861504846 0.020901356793661188 0.1097760068511954 0.06669342586841978 0.06053013042966264 0.012177474098988061 
0.06818482229334837 0.0657601716975575 0.05471263862565628 0.04037966834708246 0.5307181716814834 0.01889740568341717 0.10243228762695038 0.05450066800595133 0.04535753155295142 0.019056634485601753 
0.11714300477592664 0.06904007709901433 0.08327088143285277 0.04674605929390954 0.37074826466056005 0.0241583279526082 0.07239251967597088 0.1145967928689305 0.0805324748850759 0.021371597355151165 
0.042963435903117464 0.05851328292617905 0.0614890403226258 0.06391554885799104 0.622782493668265 0.009792756131221445 0.06060286342196075 0.026023586685693444 0.036639596080877246 0.01727739600206878 
0.08686927477552804 0.08383553961388171 0.1476606565855057 0.07751608233533905 0.3456886100610629 0.02307300076528051 0.045153990379299326 0.11323806076555226 0.050533712441130564 0.026431072277420024 
0.06280189090869713 0.05758851182589645 0.09596547006816579 0.04676801817931849 0.4137170754681421 0.04484035334000288 0.07941826739477983 0.08000977341939994 0.07746409254569678 0.041426546849900624 
0.06668601499172011 0.07472515231572131 0.015938791444844537 0.024864335568895463 0.6043710935009903 0.006962671737492435 0.05260115543363265 0.05651072001148837 0.07003173281855617 0.027308332176658782 
0.0568899628495819 0.10861012297608641 0.03002950627149356 0.015646483752509342 0.5690521626446455 0.014507787467206986 0.04211452052450243 0.07389634669040719 0.05872115182589832 0.03053195499766834 
0.29089925713729564 0.10278683122356223 0.036979028540653845 0.04726987813303966 0.21793185915502492 0.018452304979938796 0.10030377742460299 0.10175552208291734 0.04898358669914327 0.034637954623821375 
0.04627040950104894 0.05205647784118615 0.06846228502545156 0.039313216165163624 0.5020182389912956 0.03672127206054159 0.08589191804904203 0.04555064729722505 0.09440709997298184 0.02930843509606347 
0.08061793071590992 0.0776334289090238 0.04842750956638117 0.06591236265250863 0.39092859932321733 0.028174223994553424 0.16729019396708514 0.06383706770139522 0.05898520134410578 0.018193481825819566 
0.0544004695368198 0.09018263737667791 0.10381715471721306 0.06065903517382462 0.4911279484192855 0.010344008664890155 0.07565423191111913 0.042933226382560086 0.05203023181704596 0.018851056000563807 
0.0645065291719955 0.10457921031368236 0.060668586695324024 0.08189010878340523 0.4976886491261948 0.02422619331107641 0.0707318831743069 0.04329051229505612 0.03793218998652381 0.014486137142434883 
0.08071323099005726 0.09880380331824798 0.042034623989611726 0.0625005271095317 0.42154025453308663 0.023808047442219343 0.10312767284902041 0.06780004554067269 0.0664431785150944 0.033228615712457915 
0.11090663369491394 0.08038416674277925 0.1198802848606255 0.06218280455486511 0.3551614797904064 0.027793965751478626 0.11843902442491624 0.044790018537363765 0.06404022415803966 0.016421397484611345 
0.05298676471257812 0.10803954937038185 0.024790135031323306 0.04355377012679556 0.5405869953184216 0.01568059080656233 0.08214957239683958 0.03301523305107617 0.05439476929290776 0.04480261989311364 
0.07502775208754738 0.04087005877912084 0.07127814182264929 0.06263785944151012 0.5825779818459352 0.0117649088328006 0.05152427657187425 0.038112267051713396 0.044936138701230616 0.021270614865618112 
0.06934669026093884 0.042445399526039346 0.006074621905914305 0.029195405058868088 0.686391997419534 0.006716532909602714 0.050340554673959835 0.039625048298317735 0.064266840164572 0.005596909782253104 
0.07181414799779907 0.08854596724564714 0.06952576375532017 0.0680605769484577 0.3505637261369958 0.01920992175563926 0.15987606152068437 0.08050731041396567 0.07567715096041903 0.016219373265071835 
0.0785945910581753 0.09655544505884589 0.09616510968281648 0.07224559214427023 0.06009602470347998 0.017024714936902042 0.41141617234573935 0.07460181934789949 0.060622426780743255 0.032678103941127856 
0.04869240826127576 0.09140984641463153 0.0314656338489943 0.0905456030142906 0.10352101053869993 0.025167098019915873 0.4450688488029401 0.06587257116663178 0.07347145167662053 0.024785528255999632 
0.015727671022391525 0.36116655258349223 0.03900013181455416 0.07196207553367934 0.09177331976080311 0.008916767505104528 0.2958239187115168 0.06781437103011637 0.0362581229186362 0.011557069119705934 
0.08595079592046342 0.3751082376508572 0.055804017728845266 0.07072895406928055 0.06453927187305816 0.04114532637389283 0.15925215762973713 0.05694173083459449 0.0725327358459998 0.017996772073271237 
0.08095409261905398 0.14423934432978033 0.058431571180140904 0.041444517443335695 0.06151144935507077 0.012119555622986635 0.5077072123757652 0.05360660930613235 0.03338648757074273 0.006599160196991453 
0.03841395594593686 0.15695482245952266 0.03889130935811538 0.07002549526233347 0.04815731767577876 0.021578670933658214 0.49958437816589407 0.06575438497218163 0.045196982252676675 0.015442682973902406 
0.06968941474234629 0.08682741955774964 0.005197978835249168 0.1272118202194743 0.030168377940662062 0.003912539546636376 0.5473495562849916 0.05486080762385218 0.07085064417537366 0.003931441073664766 
0.3181096608646002 0.1397696576867267 0.06720882947825915 0.06284752716669015 0.10808694551846483 0.01373349056611517 0.13702755823189997 0.0527038764687481 0.076980558284152 0.023531895734343517 
0.058597398788688936 0.10142530106942191 0.07618945955920864 0.06604190957514734 0.04653828296767245 0.01569772664302025 0.5239714792195072 0.04263813431882919 0.04627548060121945 0.022624827257284628 
0.06172543831358362 0.09452530569897556 0.03858964179636929 0.07061949629265704 0.07975390406233088 0.01729768223895041 0.43030869924204446 0.1389207514837684 0.05088571530221026 0.01737336556911004 
0.05708016503379541 0.09673154340320857 0.07982618103990197 0.06015137042802945 0.08583341949041084 0.013130765403672893 0.48982162555356823 0.043487732606934046 0.05860782304096592 0.015329373999512784 
0.052955643182918496 0.1047594614123984 0.09071118978548717 0.06687954475027727 0.037489930469230236 0.016479590306966253 0.4992029193600332 0.08737521983496106 0.02899340234153341 0.015153098556194582 
0.14178670259900333 0.1555060009223448 0.049587565468183104 0.045527763722367214 0.03457257233267408 0.010219827139731004 0.42698840730709786 0.08283319207662457 0.03541793392233791 0.017560034509636058 
0.02968520250830173 0.09900554260465189 0.06588023574233648 0.033480811672194015 0.08862473418317736 0.07859017323410615 0.41060279507876474 0.11245058489340641 0.04419272700141673 0.0374871930816446 
0.07433296685050961 0.42777814535461206 0.04531671372660051 0.07716488706785732 0.048232287451046386 0.014372110019805909 0.22716985113430943 0.04110002893640621 0.03591704421953349 0.008615965239318834 
0.20865417732027852 0.1306671707418313 0.013091453818922091 0.040109411132205584 0.026613401559817153 0.00827109264630945 0.44855306401669925 0.06530262245121038 0.04169852423365533 0.017039082079070934 
0.06030619159561683 0.08935251551058118 0.07926928224686777 0.09784785572007015 0.04136492878949882 0.01425064550865727 0.46709096590052124 0.06500841560371792 0.04393997422177187 0.041569224902697044 
0.0581317203761212 0.12428472339151977 0.04147736856594541 0.06643728828739079 0.032682285826026655 0.011313173302477416 0.49860695198934246 0.023682400299439358 0.04385970559927707 0.09952438236245992 
0.06077182102762447 0.1580678236358364 0.05901347796849712 0.04262048778842777 0.0686359322524555 0.02904295400405307 0.4381096188364193 0.07696261966375363 0.03446560946671259 0.032309655356219984 
0.07555975056417838 0.18601797922342397 0.03881485677354787 0.044548815912941075 0.012693556136862022 0.07216636310600223 0.45348784499013206 0.0650600731220393 0.04581336889399554 0.005837391276877545 
0.0524795439301029 0.08467964945495754 0.08313556404839421 0.0750862592454988 0.01860657739988669 0.011128748489688898 0.561744756478232 0.05987170469347488 0.0392587297714267 0.014008466488337442 
0.1620571383389035 0.15103800607737128 0.032188863074545285 0.0941404604987629 0.0577805308670686 0.009321550004494802 0.35702119108094615 0.08189554622231324 0.04754086060210709 0.0070158532334870915 
0.04485505112329805 0.29743763573060406 0.01555526063665935 0.07724335291291635 0.09240168947616316 0.0070879796287098215 0.3323254372382379 0.04616410530743326 0.026674691457983252 0.06025479648799481 
0.06126375379985003 0.06690143501241719 0.03644893640835596 0.06015164757429583 0.08909126214618417 0.013189901340240015 0.5776463816854812 0.054149076256541445 0.025549021462252935 0.01560858431438121 
0.10690706339002513 0.3585449490256101 0.05724236400204219 0.07265347457835435 0.05391165506905351 0.021326591429111877 0.14972791786321712 0.081190376240124 0.06783175154183098 0.03066385686063089 
0.04601409106392701 0.1227634994306322 0.03603229842370506 0.056697986015896866 0.10857904949461425 0.009399902554870143 0.5124219780831678 0.035784978908408864 0.057624437157789594 0.014681778866987997 
0.11842897196453113 0.29060833752369963 0.043742634939613126 0.029096237053686885 0.10761290597389782 0.011677641667776451 0.20805941264915037 0.16849655592381563 0.008958353042564994 0.013318949261263771 
0.07778151158675214 0.07702533862919214 0.03215898873450464 0.05616587896751558 0.11315778800246308 0.03052820925317984 0.4211448501443455 0.13585438023147708 0.03648652582994374 0.019696528620626208 
0.14138464485713606 0.10499538821744882 0.06613534324396542 0.07421720124034897 0.013331851903976571 0.014451910282636942 0.4961193570808032 0.022269019904475523 0.044331472533970795 0.022763810735237793 
0.04025189074474929 0.08836521357576609 0.04676655111361767 0.08030807994538475 0.06591014254068665 0.010870660922600788 0.5131595457103532 0.09708261451068588 0.0328866821789787 0.024398618757176957 
0.07755644105021475 0.08536080386306066 0.11418460704266414 0.05546186886258038 0.05941332046311808 0.02033185720558034 0.4500912534958301 0.07522199370394096 0.034315688446705794 0.028062165866304868 
0.0832473216601798 0.15843510063790667 0.05368465638771947 0.06051707491578719 0.042610622440678245 0.023798293305049057 0.4215471567688831 0.0860994326835728 0.041734291534567515 0.028326049665656276 
0.12084857873819807 0.0980310194625117 0.08242392407951973 0.07212231652460238 0.0422019892582577 0.014709340127491363 0.39613480117920735 0.07533419124150993 0.07357777865915363 0.024616060729548084 
0.05271842461656697 0.08899672423242311 0.1840799383535662 0.03517093847217537 0.012762153603956177 0.012333049354041259 0.48881788153126515 0.07821450008678142 0.04043798714945133 0.006468402599772984 
0.08036722848875695 0.09481038109842355 0.06101008984398982 0.050618339717364555 0.0869925775594036 0.036651657282736 0.46183257842735415 0.07646309447619726 0.031565056505651806 0.019688996600122327 
0.0749511603583244 0.07134247857553802 0.05851419943506176 0.05658876450032499 0.05635210012342397 0.02595088776847486 0.5078563168108873 0.05086652152131789 0.06886623866848918 0.028711332238157708 
0.03873890902415549 0.0628871251899654 0.06169688490557173 0.11213632053887267 0.033588875360840986 0.021149046194905888 0.5550397869440576 0.039208957959615404 0.05026579798745896 0.025288295894555526 
0.1023616930830969 0.10966869165412378 0.07646302083392595 0.05902394834970259 0.08760346568047765 0.02901065723273512 0.38924455304684735 0.0867603792789614 0.04586154724756864 0.014002043592560421 
0.12747366936725973 0.08191005935854327 0.06948674272905783 0.05477268615631887 0.11055919314203674 0.01742950010562194 0.3889114349504698 0.06292568801993965 0.05405820514464739 0.03247282102610482 
0.0508261495112381 0.12476260560576401 0.04641987893199355 0.05364762499504381 0.04780919393544482 0.013187010992203646 0.4926781567664953 0.10041393567413771 0.05043490741730144 0.019820536170377726 
0.07055556324025195 0.10535232123202055 0.04492669019786159 0.083451738620356 0.04221114398255527 0.027946116175145558 0.49806166308611177 0.06780782102023543 0.03187732440660306 0.02780961803885875 
0.053942542782687314 0.16465751379073834 0.0318451873535806 0.023455771797059766 0.04218944538878815 0.05823123246604214 0.4854666496460643 0.09403996937239337 0.029282183727335345 0.016889503675310735 
0.0569925302734383 0.09004925714495343 0.04924977359674243 0.03940006620001648 0.042433087525394673 0.020565898427032082 0.5276748524980021 0.10743732647564028 0.03825285318154915 0.02794435467723122 
0.09838101743643997 0.06870660855366052 0.04043502505691082 0.10279431607387075 0.05332201217692584 0.01530138259009124 0.4418281842179089 0.040240866399627 0.11724042864018282 0.021750158854382164 
0.07184429640617783 0.15864477178480824 0.051572768800693614 0.03636954758457307 0.09321960620333869 0.008955454864042383 0.4440232590689016 0.06204548229103966 0.06026936824916762 0.013055444747257162 
0.052450470791191646 0.1662866635885688 0.0400810352882571 0.03521540789912673 0.03595845602467244 0.009013920179635952 0.549088827493358 0.0730269790746819 0.025444061983074227 0.013434177677433247 
0.06284417949098603 0.11309551770246114 0.06325774474402669 0.05269768056570476 0.04314298029853045 0.01919317041950873 0.5136585493209135 0.07924462823969043 0.03188052649176643 0.020985022726411867 
0.1010539048240569 0.13463933667281813 0.029203542647456098 0.06710729274973783 0.06351789723603432 0.01298897259681872 0.45588687163591 0.04703329574741644 0.08430195469518403 0.004266931194567526 
0.047749814567401246 0.10445501179987605 0.04411154976895687 0.03918506230944283 0.05850843288645577 0.015078805986744563 0.5609777811901029 0.06864325254940996 0.043354524478340394 0.017935764463269232 
0.06443928592165918 0.12028986132563815 0.04766710450653726 0.05277883104431486 0.0375020042442224 0.025200435368308627 0.5267708362177783 0.047102860083926626 0.04510813698582668 0.033140644301787966 
0.061884565043095516 0.104221206987467 0.03321234591665496 0.06304377963175804 0.07125794640134307 0.010438601261025013 0.49153801427960053 0.026957533255275352 0.11076789189989453 0.02667811532388618 
0.0627662458816251 0.13049045264435818 0.057331732497406654 0.1310317532215738 0.08371324521262541 0.03988396036082697 0.32240170168973376 0.07382965146837085 0.08333052036012778 0.015220736663351449 
0.07321500754079727 0.07438029463497992 0.08021059554613284 0.044020342677275254 0.08603975306349962 0.014554320490304848 0.49843816567223836 0.04432265360015863 0.03013655332595528 0.05468231344865786 
0.1429033998728981 0.09860534690991558 0.028169264686664638 0.02815739903373881 0.05308547949917807 0.013085985788128978 0.5110276828452579 0.04668110668040075 0.05866119686824274 0.019623137815574287 
0.079023921711435 0.12071424920151548 0.05596055905744536 0.07892623234088782 0.04625194116668315 0.013224481524060059 0.399046340199095 0.10480895214576529 0.059430756211429764 0.04261256644168299 
0.06516917025942746 0.0773835211823905 0.044467080331788304 0.09604241559378458 0.04412887349444421 0.016006820290347907 0.5048459447272144 0.0658379324590287 0.06599783686449076 0.020120404797083158 
0.0771480420918249 0.14449578435777113 0.04420688628392965 0.03801068489989499 0.06516931763155749 0.024896509894901848 0.4767853149887287 0.06567349809072008 0.040397771413038484 0.02321619034763281 
0.15537361841976802 0.10279483847515987 0.04894150840373254 0.03091723534416749 0.05201794710428078 0.02188260934498733 0.42230487288940477 0.10921827993548487 0.027259717779331616 0.029289372303682684 
0.1254865720643551 0.09748167177989543 0.05079656640514294 0.08818883315126526 0.06287488348004688 0.010505206145378037 0.41419890006957216 0.10911342099437576 0.030475003567472927 0.01087894234249555 
0.05430857157213983 0.06645233895008813 0.0674846381961083 0.1117958621582461 0.032896806326801704 0.009367536786357877 0.5701223360844999 0.029488291535836163 0.021370042033183052 0.03671357635673899 
0.05697866261871806 0.11995318930781303 0.04635800782725777 0.10174658976200976 0.03204960167004179 0.01493218521170749 0.5334942949697438 0.03614418927275745 0.02548685779144381 0.03285642156850699 
0.04614533185181642 0.05026178958278766 0.09099362686556939 0.09517844513243859 0.04476461703876856 0.008072488729914933 0.5555418207189394 0.03273800626385518 0.02269107865275623 0.05361279516315372 
0.05829122395596017 0.10080784108862414 0.04347631035446431 0.06593083744575133 0.04819236808350108 0.02021304894075908 0.49073877700233376 0.12386900125465784 0.030406036657964295 0.018074555215984056 
0.06754279670122014 0.11764099406961646 0.09361695810456457 0.06460368546268087 0.05433237407612608 0.02476204982381362 0.3793332066194752 0.1269915041488372 0.054541358720864984 0.016635072272800786 
0.10633237984408614 0.11176077015529318 0.04705855023279189 0.056631590808454625 0.05501369185589823 0.02886628458024853 0.4455379499807935 0.07947093155539031 0.05465387486894263 0.014673976118101012 
0.06370621699847957 0.08715313797216503 0.03403711695963713 0.10997323958237662 0.045083292769829406 0.03192724053539049 0.44955059621292126 0.07391189100760913 0.0839871484099082 0.02067011955168315 
0.04613961890778586 0.07952747915414743 0.04024949333254199 0.047090144763525216 0.04777087303530849 0.028609259748690042 0.517055927550341 0.091039225649974 0.06679466670408743 0.03572331115359853 
0.061820137315177465 0.12410721526406562 0.04446711441803181 0.05882863535433064 0.0907607352624598 0.013487394740347458 0.4636699337165834 0.08055264765515731 0.028152269816594567 0.03415391645725189 
0.1876464261193918 0.2557327548701571 0.025845119122309457 0.07748976190318545 0.05769965739797104 0.008326231163704012 0.2388164421627577 0.09762865580184261 0.041894576727894886 0.008920374730785784 
0.1270689649032416 0.12247187418673017 0.059123126058752744 0.06014345288273404 0.060016619690739285 0.005282668916591752 0.369145323040038 0.047259886509181656 0.1343201062639025 0.015167977548088275 
0.0765557962752937 0.3039501496564303 0.02487043259079032 0.03287620728404993 0.19385948184915186 0.021293043224800867 0.1958294153216269 0.0625773131662984 0.07196304798514212 0.01622511264641561 
0.054648489228415725 0.05612849504191247 0.04553816862009091 0.07270013962310422 0.08221504828208244 0.01130311852998512 0.4812328949440532 0.042131404011318506 0.1142802450324989 0.039821996686538484 
0.0697276557280662 0.09430706801631425 0.03874822336316723 0.06007475909450647 0.14501315889756972 0.013858538378039896 0.2204277275195775 0.05034240766363232 0.26479148089013593 0.042708980448990456 
0.06558146950532658 0.2443591497238292 0.06189711879872197 0.08229366839710296 0.05875062577701929 0.023683645571001666 0.22606710192451798 0.09409688206477013 0.1353228869927862 0.007947451244924122 
0.047534204467270046 0.10734154310661342 0.0414785889566685 0.026176566710630657 0.06591539297250756 0.014338276259407513 0.5170461500167031 0.06450349578338296 0.07330062910524131 0.04236515262157484 
0.0528807532438584 0.1008339410182106 0.09240708721869707 0.08336570903738094 0.07477474134856411 0.01142564237150128 0.42639641056122496 0.10620452483039423 0.042219118861122264 0.009492071509046213 
0.06251233650357149 0.11756903082885035 0.03954268106961956 0.04478235647089956 0.08718246120430942 0.009794632885507946 0.43069738228727455 0.1445283532380014 0.0535488146336266 0.009841950878338902 
0.08897639076838912 0.15913278820512194 0.13932328334840435 0.03634832570024757 0.019599216111036172 0.015109672012196469 0.47520715157537524 0.04424193074053338 0.013476141197437006 0.0085851003412586 
0.0771940260716564 0.14750006603294077 0.0347715719308022 0.04144351924287475 0.08298682824222399 0.01756372311049787 0.43439058058824004 0.09289811765657369 0.048802283033870825 0.022449284090319346 
0.07873050712206871 0.08450124190111455 0.0737279937016571 0.025876258042538805 0.06333314288821756 0.021463497810741285 0.5039777643012041 0.1000532194281332 0.028443667726187328 0.019892707078137378 
0.09380941408206907 0.12591109964474714 0.0748663309694376 0.08780733138219945 0.039598874848504065 0.02218836074300307 0.40718571495969347 0.0629387668609715 0.07361859365021567 0.012075512859159023 
0.03917050485973449 0.13118076293398914 0.037542412790299205 0.05300408075325987 0.052372629272657026 0.028922282093554796 0.5032315030534791 0.11647176056605255 0.0249684339162964 0.013135629760677305 
0.03851173975736805 0.4060994007865956 0.0411816451003426 0.019028186196738562 0.019429682556699 0.014557834453279336 0.27063757868980826 0.03898912685331237 0.13693664207395315 0.014628163531902971 
0.03087543310313578 0.05718103180397417 0.4712887879003222 0.10422385087842453 0.07297731720479578 0.022640767360909843 0.08836666780100227 0.04598044241283549 0.05047910788610667 0.05598659364849342 
0.11113486211609132 0.054440789487439474 0.09525829550246455 0.09113812025439008 0.09629797126735534 0.026698818151072952 0.37540412443743965 0.05560281182906111 0.06481074009640536 0.029213466858280263 
0.05948587397656679 0.06616611514507854 0.479006221218169 0.0850503158145657 0.05875406950040463 0.016147527925209654 0.0926919011083179 0.05733842764034227 0.051169587149680895 0.034189960521664724 
0.0752292613307046 0.08282037522065408 0.40871723083830613 0.08569357069339409 0.08272653709175726 0.015449319862409718 0.10986837937208911 0.04511677635790208 0.04541130540704949 0.04896724382573354 
0.028353619456441822 0.05792086486620218 0.54273621504547 0.08250701913592559 0.05805837814262271 0.016336593145691955 0.09134161510857695 0.05246132599281411 0.036983323772230375 0.0333010453340242 
0.09691686992854658 0.045750997714831744 0.45299733337922593 0.08138976497989153 0.06417819075033575 0.017381194530961368 0.08997482340833575 0.0701355597473613 0.03947001305712273 0.04180525250338711 
0.05348699496665151 0.106753770241642 0.42653792847202593 0.07782349350683516 0.10187374438065201 0.02241975456837704 0.08960639367429246 0.05706445017894148 0.04158276634418044 0.022850703666401906 
0.07199744831271948 0.07428618208944011 0.40276828640918766 0.08995840041145067 0.07158771933409942 0.020493582133824524 0.09738855413653845 0.09935785329354181 0.03155685615896346 0.04060511772023447 
0.11160005418924437 0.02778372059980802 0.4822839755851138 0.0876407312780356 0.04328299674968274 0.014584949171846866 0.07536225940059868 0.08931875028848651 0.045858009386066066 0.022284553351117262 
0.06475018563760078 0.03654093020325944 0.5124871545682177 0.07038371288819988 0.04932671264998739 0.020275063503132743 0.15176036510009192 0.04861331548204588 0.030669268715072084 0.015193291252392065 
0.06046881934447522 0.05074176276090129 0.4791943379110545 0.07022203995386132 0.05374267999185206 0.028654841151370826 0.09811377231315943 0.06334267061097913 0.06751672511699847 0.028002350845347683 
0.0919266167500651 0.06746938584058484 0.4398788583320246 0.06796604699179075 0.044528780847935504 0.036486298919816286 0.13411722242734703 0.05764179105793032 0.03896284354600283 0.02102215528650286 
0.0688887385536323 0.07766545053557482 0.4598927328862427 0.07190517986599722 0.05641146888293899 0.030063381947602986 0.0770101412625832 0.07546411587144151 0.04496037252278082 0.037738417671205504 
0.049006106318991334 0.12254394213957678 0.5076974495620848 0.07694555487467941 0.040020693933455725 0.020135398644338304 0.07749591168898912 0.04781773683174672 0.03798393078249622 0.020353275223641637 
0.040256379388642335 0.04597715780142004 0.4812660251765675 0.08634177276657834 0.0774594809459544 0.015995044968893868 0.09795784996713042 0.06334070832408009 0.0617736766007609 0.02963190405997205 
0.0514691889455024 0.04376758400556724 0.39047577575145426 0.057488847699660034 0.10803087060196662 0.011236042852314325 0.17943226275776067 0.056779165737736316 0.06474414009450317 0.036576121553535006 
0.07052975118277545 0.050796083450260564 0.4754439573952357 0.06088022339703913 0.07316447598993937 0.014576190162919929 0.1274246818052171 0.05767743964040189 0.04044601617835692 0.02906118079785393 
0.04526681037483557 0.04985132088045555 0.4801550092698197 0.06598858939390329 0.059691231641303195 0.040933475688867696 0.1006782697555507 0.05004467886374861 0.07873298824069455 0.02865762589082106 
0.08492835470084124 0.05085660143605534 0.4512345613011106 0.0697498172747171 0.09860438109498793 0.03149111596807824 0.07901317011342515 0.03414664810277864 0.06380119200705404 0.0361741580009515 
0.06583274379815177 0.060383087536159015 0.19687552043651982 0.30963728252025435 0.05606415190935138 0.009495824665663347 0.1650890392938068 0.0407579560995789 0.07801921351190089 0.017845180228613505 
0.04173225830321107 0.07641879299212921 0.5610387756466062 0.055653225656926854 0.05129296133968873 0.015829655230799135 0.0698023764174935 0.0584030293015539 0.04994116068872425 0.019887764422867348 
0.07139131392938337 0.09997159003136964 0.3508555200742155 0.0733475762597455 0.09921410730009934 0.02305149435639588 0.11648078563776117 0.052457906473858555 0.07801787313762078 0.03521183279955024 
0.047917854718118706 0.06194326323959866 0.48209711615050427 0.07249487100455639 0.05654479356404968 0.04183379244205396 0.07047689416523373 0.06639025446194784 0.07440043795210756 0.025900722301829177 
0.06061845629083496 0.05679996375666896 0.5394254812186214 0.04495988796367021 0.05501636790997373 0.01919513583086739 0.09112234361887164 0.06153051832718742 0.05146601711975974 0.019865827963544518 
0.05768642393408911 0.07181434655372203 0.4016838726003523 0.07963442759058048 0.06737578616767041 0.01771515911387065 0.1394969195302943 0.048014686354049506 0.04684583634228647 0.0697325418130849 
0.04491183036411334 0.09250640161593505 0.36355093703173563 0.05278917968274632 0.07472654769869187 0.019492131277845624 0.09692161827464538 0.21770908366370714 0.02122276303991428 0.01616950735066538 
0.04713945564838983 0.05474021416621723 0.5124656909670893 0.06264300703468911 0.0952456069738587 0.02516181209045506 0.11500941142044793 0.051672768147093644 0.02040788566401939 0.01551414788773972 
0.07172852143776004 0.05753532110454034 0.17522245023799854 0.07387021120667468 0.09883733308969016 0.030239150771936046 0.06536499244232667 0.04363530941415614 0.10269519397877887 0.2808715163161386 
0.047043602517700116 0.07197035542458592 0.4966972972631069 0.05299168234477452 0.06587886735292159 0.018742688694078937 0.10145287468379005 0.0575923986522703 0.06543382173949029 0.022196411327281423 
0.044767461973020804 0.11622591427820857 0.41112655984539065 0.07512034465476972 0.04914398237635759 0.0346580799250671 0.10625773642164932 0.05362683924959652 0.05714588560349281 0.051927195672446975 
0.055562441740649525 0.05353342097700762 0.501379251843806 0.056410217011560966 0.07422136568654557 0.027357153956797563 0.08740677162804343 0.06402959333581817 0.060693416414902154 0.019406367404869014 
0.06044121456588804 0.03136587140854362 0.5233061617096091 0.03573654061893807 0.05164355883780359 0.03147743420202874 0.13169381267631064 0.07654118299562655 0.04270685719592519 0.015087365789326679 
0.019452762435207376 0.03148953849914117 0.7287703907424457 0.046996073901100374 0.03019571358140345 0.01187059046806891 0.06911279909134974 0.025197133776579197 0.018081109582692854 0.018833887922011114 
0.03428411396721791 0.08550773874114474 0.49689404932887116 0.048048133877079215 0.06953802076377358 0.02957903608086798 0.08153947437732842 0.0993089500640205 0.02620290855464529 0.02909757424505127 
0.06050889510421184 0.04589592163278335 0.41206642135432026 0.12540056161501503 0.056428299166579925 0.020366996921961183 0.179155963249632 0.05132458922806865 0.02618527422423077 0.022667077503197176 
0.07208516849549539 0.06083200614859864 0.38958653120617787 0.0611987508341507 0.07782624387146864 0.0332161248274904 0.11054542261771454 0.10163231379155509 0.05725337159015263 0.03582406661719609 
0.13692498178485882 0.348062848656706 0.09712690047033154 0.04681442893708046 0.04415463250516355 0.021647382798776375 0.12626572018593107 0.10492956545143958 0.03628169200498399 0.037791847204728606 
0.027091228069814392 0.0468623474040889 0.47301989557332663 0.03838316411489342 0.14115893234731877 0.024329872485139542 0.15621072466499794 0.04579706054453676 0.028673717741136657 0.018473057054746948 
0.0535187206645741 0.0949473609607211 0.4530971005889679 0.052495257336011895 0.0462326406442836 0.027294569470988527 0.09976090166015726 0.034101298628081804 0.06966473472632614 0.06888741531988775 
0.04968085179926583 0.07051180059338252 0.4245547564759652 0.061648460009471044 0.11610377312289613 0.0329852208848996 0.09317262431320751 0.06918511318255158 0.05494695028640428 0.02721044933195612 
0.025137755209653608 0.021659683902152702 0.5779737356722188 0.04456668426579779 0.11456434370737917 0.013405759583965594 0.0835344618269032 0.07019528489261635 0.028313812973949914 0.020648477965362785 
0.06103076868132707 0.08634884701542588 0.13411337254613956 0.06105004725522377 0.06301391384418827 0.04795305512396638 0.4076752986839245 0.06781618723895319 0.043587553624987625 0.027410955985863548 
0.04479119828081829 0.11086956031215515 0.14044410330382898 0.046550134485576086 0.4188160849819171 0.0193047552726198 0.08592488682762181 0.03986911023000921 0.06541792446823591 0.028012241837217646 
0.08342560432726097 0.05569054100702578 0.4437876948673435 0.07026622043016166 0.02942484230399599 0.019472788709604456 0.20940216738561662 0.053686948861827746 0.027052675823014107 0.007790516284149329 
0.05418669877586734 0.13661117160412267 0.36810271295135544 0.11150113147291464 0.06637015685865667 0.011186712791945483 0.1148635292429036 0.05697323405519252 0.04535042295016662 0.03485422929687502 
0.0664243489829069 0.06462554671259808 0.5566765317026201 0.06596853652619498 0.04658682768971615 0.01753655403376613 0.07524507136456401 0.024079642649503363 0.06211600551664005 0.020740934821490295 
0.10410813949559143 0.24607771206556409 0.14740647552488095 0.08993571249681925 0.12167909667781551 0.009743063237365488 0.13553963541445088 0.07274926451513589 0.06293218589209881 0.009828714680277512 
0.06863494198647986 0.11598721100907328 0.07360847971371463 0.05821989610765938 0.04791259703754544 0.030122954214058563 0.10055503961950935 0.4318502191258335 0.036943661919617204 0.03616499926650882 
0.09764971338448665 0.10604772256166259 0.03476590432613793 0.09278597293468613 0.04893461297949242 0.01512234765699784 0.1099761107740558 0.41439742256628104 0.05000905214686682 0.03031114066933285 
0.08279865254795446 0.11195788323325111 0.06485280229204592 0.05325742756246788 0.07939639183452961 0.024838644972669854 0.12456970417439099 0.37836141621386127 0.044224030723017914 0.03574304644581093 
0.07282259683680102 0.06890693076440634 0.06004882763148272 0.09160869398209238 0.09451279871183066 0.010666992232867621 0.09606693790143708 0.4264994851132349 0.052957203614119285 0.025909533211727936 
0.043507173867322675 0.04789128396006062 0.02913038889912313 0.051150182675734346 0.028290217113636964 0.00725066118560213 0.1278739818870681 0.6340623736632119 0.02239840318916822 0.008445333559071923 
